78,71,73,61,78,1,1
71,73,87,78,92,1,2
73,87,92,92,79,1,3
87,92,97,79,73,1,4
92,97,97,73,73,1,5
97,97,84,73,83,1,6
97,84,85,83,64,1,7
84,85,91,64,78,1,8
85,91,82,78,92,1,9
91,82,78,92,86,1,10
82,78,90,86,97,1,11
78,90,74,97,92,1,12
90,74,74,92,78,1,13
74,74,74,78,79,1,14
74,74,74,79,79,1,15
74,74,76,79,81,1,16
74,76,78,81,80,1,17
76,78,79,80,81,1,18
78,79,76,81,85,1,19
79,76,93,85,82,1,20
76,93,109,82,83,1,21
93,109,83,83,86,1,22
109,83,133,86,90,1,23
83,133,147,90,134,1,24
133,147,144,134,128,1,25
147,144,146,128,129,1,26
144,146,141,129,129,1,27
146,141,141,129,130,1,28
141,141,140,130,124,1,29
141,140,131,124,131,1,30
61,78,92,65,69,2,1
78,92,79,69,72,2,2
92,79,73,72,87,2,3
79,73,73,87,91,2,4
73,73,83,91,89,2,5
73,83,64,89,110,2,6
83,64,78,110,208,2,7
64,78,92,208,223,2,8
78,92,86,223,210,2,9
92,86,97,210,173,2,10
86,97,92,173,82,2,11
97,92,78,82,83,2,12
92,78,79,83,85,2,13
78,79,79,85,83,2,14
79,79,81,83,82,2,15
79,81,80,82,83,2,16
81,80,81,83,85,2,17
80,81,85,85,76,2,18
81,85,82,76,97,2,19
85,82,83,97,91,2,20
82,83,86,91,85,2,21
83,86,90,85,117,2,22
86,90,134,117,136,2,23
90,134,128,136,128,2,24
134,128,129,128,124,2,25
128,129,129,124,110,2,26
129,129,130,110,112,2,27
129,130,124,112,91,2,28
130,124,131,91,91,2,29
124,131,131,91,115,2,30
65,69,72,71,74,3,1
69,72,87,74,75,3,2
72,87,91,75,83,3,3
87,91,89,83,96,3,4
91,89,110,96,99,3,5
89,110,208,99,156,3,6
110,208,223,156,262,3,7
208,223,210,262,235,3,8
223,210,173,235,220,3,9
210,173,82,220,215,3,10
173,82,83,215,105,3,11
82,83,85,105,86,3,12
83,85,83,86,87,3,13
85,83,82,87,87,3,14
83,82,83,87,87,3,15
82,83,85,87,86,3,16
83,85,76,86,108,3,17
85,76,97,108,131,3,18
76,97,91,131,150,3,19
97,91,85,150,146,3,20
91,85,117,146,98,3,21
85,117,136,98,104,3,22
117,136,128,104,124,3,23
136,128,124,124,126,3,24
128,124,110,126,113,3,25
124,110,112,113,91,3,26
110,112,91,91,96,3,27
112,91,91,96,123,3,28
91,91,115,123,136,3,29
91,115,118,136,131,3,30
71,74,75,75,84,4,1
74,75,83,84,84,4,2
75,83,96,84,90,4,3
83,96,99,90,89,4,4
96,99,156,89,74,4,5
99,156,262,74,144,4,6
156,262,235,144,231,4,7
262,235,220,231,220,4,8
235,220,215,220,196,4,9
220,215,105,196,162,4,10
215,105,86,162,96,4,11
105,86,87,96,88,4,12
86,87,87,88,90,4,13
87,87,87,90,90,4,14
87,87,86,90,91,4,15
87,86,108,91,100,4,16
86,108,131,100,126,4,17
108,131,150,126,137,4,18
131,150,146,137,136,4,19
150,146,98,136,137,4,20
146,98,104,137,139,4,21
98,104,124,139,116,4,22
104,124,126,116,98,4,23
124,126,113,98,92,4,24
126,113,91,92,89,4,25
113,91,96,89,89,4,26
91,96,123,89,94,4,27
96,123,136,94,96,4,28
123,136,131,96,109,4,29
136,131,137,109,108,4,30
75,84,84,79,81,5,1
84,84,90,81,88,5,2
84,90,89,88,90,5,3
90,89,74,90,88,5,4
89,74,144,88,91,5,5
74,144,231,91,120,5,6
144,231,220,120,266,5,7
231,220,196,266,246,5,8
220,196,162,246,234,5,9
196,162,96,234,214,5,10
162,96,88,214,98,5,11
96,88,90,98,96,5,12
88,90,90,96,99,5,13
90,90,91,99,93,5,14
90,91,100,93,94,5,15
91,100,126,94,95,5,16
100,126,137,95,100,5,17
126,137,136,100,102,5,18
137,136,137,102,126,5,19
136,137,139,126,121,5,20
137,139,116,121,112,5,21
139,116,98,112,109,5,22
116,98,92,109,96,5,23
98,92,89,96,95,5,24
92,89,89,95,95,5,25
89,89,94,95,93,5,26
89,94,96,93,94,5,27
94,96,109,94,92,5,28
96,109,108,92,92,5,29
109,108,111,92,93,5,30
79,81,88,82,86,6,1
81,88,90,86,87,6,2
88,90,88,87,90,6,3
90,88,91,90,91,6,4
88,91,120,91,91,6,5
91,120,266,91,138,6,6
120,266,246,138,239,6,7
266,246,234,239,239,6,8
246,234,214,239,211,6,9
234,214,98,211,200,6,10
214,98,96,200,101,6,11
98,96,99,101,106,6,12
96,99,93,106,108,6,13
99,93,94,108,98,6,14
93,94,95,98,97,6,15
94,95,100,97,98,6,16
95,100,102,98,98,6,17
100,102,126,98,99,6,18
102,126,121,99,96,6,19
126,121,112,96,96,6,20
121,112,109,96,97,6,21
112,109,96,97,98,6,22
109,96,95,98,99,6,23
96,95,95,99,99,6,24
95,95,93,99,97,6,25
95,93,94,97,97,6,26
93,94,92,97,98,6,27
94,92,92,98,97,6,28
92,92,93,97,97,6,29
92,93,92,97,97,6,30
82,86,87,86,89,7,1
86,87,90,89,92,7,2
87,90,91,92,94,7,3
90,91,91,94,95,7,4
91,91,138,95,93,7,5
91,138,239,93,143,7,6
138,239,239,143,256,7,7
239,239,211,256,240,7,8
239,211,200,240,226,7,9
211,200,101,226,209,7,10
200,101,106,209,104,7,11
101,106,108,104,96,7,12
106,108,98,96,97,7,13
108,98,97,97,101,7,14
98,97,98,101,101,7,15
97,98,98,101,102,7,16
98,98,99,102,102,7,17
98,99,96,102,103,7,18
99,96,96,103,102,7,19
96,96,97,102,104,7,20
96,97,98,104,103,7,21
97,98,99,103,103,7,22
98,99,99,103,103,7,23
99,99,97,103,102,7,24
99,97,97,102,101,7,25
97,97,98,101,101,7,26
97,98,97,101,100,7,27
98,97,97,100,100,7,28
97,97,97,100,100,7,29
97,97,95,100,100,7,30
86,89,92,89,93,8,1
89,92,94,93,96,8,2
92,94,95,96,98,8,3
94,95,93,98,98,8,4
95,93,143,98,95,8,5
93,143,256,95,156,8,6
143,256,240,156,193,8,7
256,240,226,193,207,8,8
240,226,209,207,233,8,9
226,209,104,233,209,8,10
209,104,96,209,105,8,11
104,96,97,105,98,8,12
96,97,101,98,96,8,13
97,101,101,96,106,8,14
101,101,102,106,106,8,15
101,102,102,106,106,8,16
102,102,103,106,107,8,17
102,103,102,107,107,8,18
103,102,104,107,107,8,19
102,104,103,107,107,8,20
104,103,103,107,107,8,21
103,103,103,107,107,8,22
103,103,102,107,106,8,23
103,102,101,106,107,8,24
102,101,101,107,106,8,25
101,101,100,106,105,8,26
101,100,100,105,106,8,27
100,100,100,106,105,8,28
100,100,100,105,105,8,29
100,100,99,105,106,8,30
89,93,96,94,97,9,1
93,96,98,97,100,9,2
96,98,98,100,101,9,3
98,98,95,101,102,9,4
98,95,156,102,100,9,5
95,156,193,100,168,9,6
156,193,207,168,156,9,7
193,207,233,156,240,9,8
207,233,209,240,227,9,9
233,209,105,227,213,9,10
209,105,98,213,85,9,11
105,98,96,85,89,9,12
98,96,106,89,86,9,13
96,106,106,86,113,9,14
106,106,106,113,110,9,15
106,106,107,110,110,9,16
106,107,107,110,111,9,17
107,107,107,111,111,9,18
107,107,107,111,111,9,19
107,107,107,111,111,9,20
107,107,107,111,111,9,21
107,107,106,111,112,9,22
107,106,107,112,111,9,23
106,107,106,111,112,9,24
107,106,105,112,111,9,25
106,105,106,111,109,9,26
105,106,105,109,109,9,27
106,105,105,109,109,9,28
105,105,106,109,108,9,29
105,106,102,108,108,9,30
94,97,100,97,101,10,1
97,100,101,101,104,10,2
100,101,102,104,108,10,3
101,102,100,108,109,10,4
102,100,168,109,106,10,5
100,168,156,106,152,10,6
168,156,240,152,267,10,7
156,240,227,267,242,10,8
240,227,213,242,224,10,9
227,213,85,224,200,10,10
213,85,89,200,110,10,11
85,89,86,110,92,10,12
89,86,113,92,94,10,13
86,113,110,94,118,10,14
113,110,110,118,115,10,15
110,110,111,115,115,10,16
110,111,111,115,115,10,17
111,111,111,115,115,10,18
111,111,111,115,115,10,19
111,111,111,115,115,10,20
111,111,112,115,115,10,21
111,112,111,115,116,10,22
112,111,112,116,116,10,23
111,112,111,116,116,10,24
112,111,109,116,115,10,25
111,109,109,115,112,10,26
109,109,109,112,112,10,27
109,109,108,112,113,10,28
109,108,108,113,111,10,29
108,108,107,111,111,10,30
97,101,104,103,107,11,1
101,104,108,107,109,11,2
104,108,109,109,110,11,3
108,109,106,110,113,11,4
109,106,152,113,108,11,5
106,152,267,108,167,11,6
152,267,242,167,254,11,7
267,242,224,254,242,11,8
242,224,200,242,232,11,9
224,200,110,232,147,11,10
200,110,92,147,124,11,11
110,92,94,124,109,11,12
92,94,118,109,104,11,13
94,118,115,104,132,11,14
118,115,115,132,117,11,15
115,115,115,117,127,11,16
115,115,115,127,119,11,17
115,115,115,119,121,11,18
115,115,115,121,120,11,19
115,115,115,120,120,11,20
115,115,116,120,122,11,21
115,116,116,122,121,11,22
116,116,116,121,121,11,23
116,116,115,121,120,11,24
116,115,112,120,120,11,25
115,112,112,120,117,11,26
112,112,113,117,116,11,27
112,113,111,116,115,11,28
113,111,111,115,115,11,29
111,111,110,115,116,11,30
103,107,109,106,111,12,1
107,109,110,111,116,12,2
109,110,113,116,117,12,3
110,113,108,117,118,12,4
113,108,167,118,108,12,5
108,167,254,108,200,12,6
167,254,242,200,174,12,7
254,242,232,174,252,12,8
242,232,147,252,181,12,9
232,147,124,181,157,12,10
147,124,109,157,115,12,11
124,109,104,115,194,12,12
109,104,132,194,201,12,13
104,132,117,201,69,12,14
132,117,127,69,133,12,15
117,127,119,133,130,12,16
127,119,121,130,126,12,17
119,121,120,126,127,12,18
121,120,120,127,128,12,19
120,120,122,128,128,12,20
120,122,121,128,127,12,21
122,121,121,127,125,12,22
121,121,120,125,125,12,23
121,120,120,125,125,12,24
120,120,117,125,124,12,25
120,117,116,124,123,12,26
117,116,115,123,122,12,27
116,115,115,122,120,12,28
115,115,116,120,122,12,29
115,116,115,122,123,12,30
106,111,116,110,114,13,1
111,116,117,114,119,13,2
116,117,118,119,120,13,3
117,118,108,120,121,13,4
118,108,200,121,112,13,5
108,200,174,112,194,13,6
200,174,252,194,236,13,7
174,252,181,236,235,13,8
252,181,157,235,186,13,9
181,157,115,186,186,13,10
157,115,194,186,164,13,11
115,194,201,164,171,13,12
194,201,69,171,218,13,13
201,69,133,218,173,13,14
69,133,130,173,54,13,15
133,130,126,54,123,13,16
130,126,127,123,125,13,17
126,127,128,125,133,13,18
127,128,128,133,133,13,19
128,128,127,133,133,13,20
128,127,125,133,133,13,21
127,125,125,133,132,13,22
125,125,125,132,130,13,23
125,125,124,130,130,13,24
125,124,123,130,128,13,25
124,123,122,128,128,13,26
123,122,120,128,126,13,27
122,120,122,126,126,13,28
120,122,123,126,125,13,29
122,123,124,125,130,13,30
110,114,119,114,119,14,1
114,119,120,119,123,14,2
119,120,121,123,125,14,3
120,121,112,125,126,14,4
121,112,194,126,115,14,5
112,194,236,115,204,14,6
194,236,235,204,239,14,7
236,235,186,239,199,14,8
235,186,186,199,165,14,9
186,186,164,165,181,14,10
186,164,171,181,160,14,11
164,171,218,160,201,14,12
171,218,173,201,173,14,13
218,173,54,173,202,14,14
173,54,123,202,159,14,15
54,123,125,159,86,14,16
123,125,133,86,163,14,17
125,133,133,163,134,14,18
133,133,133,134,139,14,19
133,133,133,139,138,14,20
133,133,132,138,138,14,21
133,132,130,138,137,14,22
132,130,130,137,136,14,23
130,130,128,136,135,14,24
130,128,128,135,135,14,25
128,128,126,135,133,14,26
128,126,126,133,131,14,27
126,126,125,131,131,14,28
126,125,130,131,133,14,29
125,130,129,133,134,14,30
114,119,123,120,124,15,1
119,123,125,124,127,15,2
123,125,126,127,129,15,3
125,126,115,129,130,15,4
126,115,204,130,121,15,5
115,204,239,121,211,15,6
204,239,199,211,182,15,7
239,199,165,182,184,15,8
199,165,181,184,192,15,9
165,181,160,192,193,15,10
181,160,201,193,225,15,11
160,201,173,225,114,15,12
201,173,202,114,99,15,13
173,202,159,99,121,15,14
202,159,86,121,221,15,15
159,86,163,221,197,15,16
86,163,134,197,87,15,17
163,134,139,87,156,15,18
134,139,138,156,141,15,19
139,138,138,141,144,15,20
138,138,137,144,144,15,21
138,137,136,144,142,15,22
137,136,135,142,141,15,23
136,135,135,141,141,15,24
135,135,133,141,140,15,25
135,133,131,140,138,15,26
133,131,131,138,137,15,27
131,131,133,137,139,15,28
131,133,134,139,139,15,29
133,134,133,139,139,15,30
120,124,127,127,131,16,1
124,127,129,131,134,16,2
127,129,130,134,136,16,3
129,130,121,136,141,16,4
130,121,211,141,130,16,5
121,211,182,130,209,16,6
211,182,184,209,164,16,7
182,184,192,164,186,16,8
184,192,193,186,171,16,9
192,193,225,171,165,16,10
193,225,114,165,203,16,11
225,114,99,203,166,16,12
114,99,121,166,159,16,13
99,121,221,159,129,16,14
121,221,197,129,232,16,15
221,197,87,232,165,16,16
197,87,156,165,30,16,17
87,156,141,30,121,16,18
156,141,144,121,132,16,19
141,144,144,132,151,16,20
144,144,142,151,148,16,21
144,142,141,148,147,16,22
142,141,141,147,147,16,23
141,141,140,147,146,16,24
141,140,138,146,145,16,25
140,138,137,145,145,16,26
138,137,139,145,143,16,27
137,139,139,143,143,16,28
139,139,139,143,143,16,29
139,139,139,143,143,16,30
127,131,134,138,138,17,1
131,134,136,138,145,17,2
134,136,141,145,144,17,3
136,141,130,144,138,17,4
141,130,209,138,126,17,5
130,209,164,126,182,17,6
209,164,186,182,188,17,7
164,186,171,188,203,17,8
186,171,165,203,151,17,9
171,165,203,151,157,17,10
165,203,166,157,199,17,11
203,166,159,199,193,17,12
166,159,129,193,172,17,13
159,129,232,172,136,17,14
129,232,165,136,203,17,15
232,165,30,203,163,17,16
165,30,121,163,68,17,17
30,121,132,68,58,17,18
121,132,151,58,99,17,19
132,151,148,99,162,17,20
151,148,147,162,154,17,21
148,147,147,154,154,17,22
147,147,146,154,153,17,23
147,146,145,153,153,17,24
146,145,145,153,151,17,25
145,145,143,151,150,17,26
145,143,143,150,149,17,27
143,143,143,149,148,17,28
143,143,143,148,147,17,29
143,143,143,147,147,17,30
138,138,145,68,74,18,1
138,145,144,74,95,18,2
145,144,138,95,108,18,3
144,138,126,108,57,18,4
138,126,182,57,58,18,5
126,182,188,58,186,18,6
182,188,203,186,180,18,7
188,203,151,180,194,18,8
203,151,157,194,163,18,9
151,157,199,163,168,18,10
157,199,193,168,186,18,11
199,193,172,186,200,18,12
193,172,136,200,181,18,13
172,136,203,181,109,18,14
136,203,163,109,49,18,15
203,163,68,49,69,18,16
163,68,58,69,83,18,17
68,58,99,83,77,18,18
58,99,162,77,130,18,19
99,162,154,130,162,18,20
162,154,154,162,159,18,21
154,154,153,159,158,18,22
154,153,153,158,158,18,23
153,153,151,158,157,18,24
153,151,150,157,155,18,25
151,150,149,155,154,18,26
150,149,148,154,153,18,27
149,148,147,153,150,18,28
148,147,147,150,150,18,29
147,147,145,150,149,18,30
68,74,95,46,61,19,1
74,95,108,61,60,19,2
95,108,57,60,66,19,3
108,57,58,66,57,19,4
57,58,186,57,31,19,5
58,186,180,31,157,19,6
186,180,194,157,197,19,7
180,194,163,197,190,19,8
194,163,168,190,192,19,9
163,168,186,192,190,19,10
168,186,200,190,201,19,11
186,200,181,201,169,19,12
200,181,109,169,148,19,13
181,109,49,148,45,19,14
109,49,69,45,49,19,15
49,69,83,49,27,19,16
69,83,77,27,67,19,17
83,77,130,67,92,19,18
77,130,162,92,128,19,19
130,162,159,128,160,19,20
162,159,158,160,158,19,21
159,158,158,158,160,19,22
158,158,157,160,158,19,23
158,157,155,158,155,19,24
157,155,154,155,157,19,25
155,154,153,157,156,19,26
154,153,150,156,157,19,27
153,150,150,157,166,19,28
150,150,149,166,159,19,29
150,149,149,159,160,19,30
46,61,60,65,47,20,1
61,60,66,47,57,20,2
60,66,57,57,68,20,3
66,57,31,68,68,20,4
57,31,157,68,82,20,5
31,157,197,82,165,20,6
157,197,190,165,118,20,7
197,190,192,118,169,20,8
190,192,190,169,148,20,9
192,190,201,148,118,20,10
190,201,169,118,179,20,11
201,169,148,179,73,20,12
169,148,45,73,193,20,13
148,45,49,193,59,20,14
45,49,27,59,77,20,15
49,27,67,77,58,20,16
27,67,92,58,77,20,17
67,92,128,77,85,20,18
92,128,160,85,124,20,19
128,160,158,124,150,20,20
160,158,160,150,147,20,21
158,160,158,147,147,20,22
160,158,155,147,148,20,23
158,155,157,148,148,20,24
155,157,156,148,146,20,25
157,156,157,146,144,20,26
156,157,166,144,144,20,27
157,166,159,144,141,20,28
166,159,160,141,140,20,29
159,160,156,140,141,20,30
65,47,57,46,30,21,1
47,57,68,30,63,21,2
57,68,68,63,52,21,3
68,68,82,52,91,21,4
68,82,165,91,63,21,5
82,165,118,63,147,21,6
165,118,169,147,128,21,7
118,169,148,128,156,21,8
169,148,118,156,135,21,9
148,118,179,135,153,21,10
118,179,73,153,181,21,11
179,73,193,181,133,21,12
73,193,59,133,194,21,13
193,59,77,194,66,21,14
59,77,58,66,80,21,15
77,58,77,80,58,21,16
58,77,85,58,68,21,17
77,85,124,68,88,21,18
85,124,150,88,132,21,19
124,150,147,132,171,21,20
150,147,147,171,163,21,21
147,147,148,163,163,21,22
147,148,148,163,162,21,23
148,148,146,162,160,21,24
148,146,144,160,162,21,25
146,144,144,162,159,21,26
144,144,141,159,157,21,27
144,141,140,157,160,21,28
141,140,141,160,160,21,29
140,141,140,160,158,21,30
46,30,63,7,39,22,1
30,63,52,39,69,22,2
63,52,91,69,64,22,3
52,91,63,64,85,22,4
91,63,147,85,56,22,5
63,147,128,56,180,22,6
147,128,156,180,127,22,7
128,156,135,127,141,22,8
156,135,153,141,57,22,9
135,153,181,57,217,22,10
153,181,133,217,180,22,11
181,133,194,180,188,22,12
133,194,66,188,197,22,13
194,66,80,197,76,22,14
66,80,58,76,88,22,15
80,58,68,88,64,22,16
58,68,88,64,85,22,17
68,88,132,85,91,22,18
88,132,171,91,125,22,19
132,171,163,125,148,22,20
171,163,163,148,145,22,21
163,163,162,145,146,22,22
163,162,160,146,147,22,23
162,160,162,147,149,22,24
160,162,159,149,147,22,25
162,159,157,147,145,22,26
159,157,160,145,143,22,27
157,160,160,143,126,22,28
160,160,158,126,116,22,29
160,158,154,116,123,22,30
7,39,69,5,70,23,1
39,69,64,70,23,23,2
69,64,85,23,31,23,3
64,85,56,31,101,23,4
85,56,180,101,91,23,5
56,180,127,91,200,23,6
180,127,141,200,165,23,7
127,141,57,165,174,23,8
141,57,217,174,102,23,9
57,217,180,102,124,23,10
217,180,188,124,119,23,11
180,188,197,119,192,23,12
188,197,76,192,195,23,13
197,76,88,195,78,23,14
76,88,64,78,68,23,15
88,64,85,68,48,23,16
64,85,91,48,59,23,17
85,91,125,59,80,23,18
91,125,148,80,100,23,19
125,148,145,100,105,23,20
148,145,146,105,105,23,21
145,146,147,105,105,23,22
146,147,149,105,117,23,23
147,149,147,117,119,23,24
149,147,145,119,125,23,25
147,145,143,125,118,23,26
145,143,126,118,113,23,27
143,126,116,113,112,23,28
126,116,123,112,115,23,29
116,123,121,115,116,23,30
5,70,23,19,57,24,1
70,23,31,57,43,24,2
23,31,101,43,56,24,3
31,101,91,56,73,24,4
101,91,200,73,60,24,5
91,200,165,60,61,24,6
200,165,174,61,95,24,7
165,174,102,95,125,24,8
174,102,124,125,86,24,9
102,124,119,86,159,24,10
124,119,192,159,154,24,11
119,192,195,154,181,24,12
192,195,78,181,194,24,13
195,78,68,194,64,24,14
78,68,48,64,68,24,15
68,48,59,68,52,24,16
48,59,80,52,61,24,17
59,80,100,61,74,24,18
80,100,105,74,89,24,19
100,105,105,89,96,24,20
105,105,105,96,104,24,21
105,105,117,104,116,24,22
105,117,119,116,121,24,23
117,119,125,121,117,24,24
119,125,118,117,117,24,25
125,118,113,117,119,24,26
118,113,112,119,116,24,27
113,112,115,116,109,24,28
112,115,116,109,113,24,29
115,116,115,113,119,24,30
19,57,43,12,40,25,1
57,43,56,40,32,25,2
43,56,73,32,63,25,3
56,73,60,63,59,25,4
73,60,61,59,69,25,5
60,61,95,69,49,25,6
61,95,125,49,26,25,7
95,125,86,26,121,25,8
125,86,159,121,77,25,9
86,159,154,77,162,25,10
159,154,181,162,154,25,11
154,181,194,154,196,25,12
181,194,64,196,177,25,13
194,64,68,177,66,25,14
64,68,52,66,68,25,15
68,52,61,68,110,25,16
52,61,74,110,94,25,17
61,74,89,94,73,25,18
74,89,96,73,86,25,19
89,96,104,86,94,25,20
96,104,116,94,100,25,21
104,116,121,100,105,25,22
116,121,117,105,116,25,23
121,117,117,116,114,25,24
117,117,119,114,116,25,25
117,119,116,116,116,25,26
119,116,109,116,111,25,27
116,109,113,111,110,25,28
109,113,119,110,119,25,29
113,119,109,119,121,25,30
12,40,32,-11,58,26,1
40,32,63,58,20,26,2
32,63,59,20,23,26,3
63,59,69,23,34,26,4
59,69,49,34,24,26,5
69,49,26,24,66,26,6
49,26,121,66,35,26,7
26,121,77,35,132,26,8
121,77,162,132,76,26,9
77,162,154,76,159,26,10
162,154,196,159,149,26,11
154,196,177,149,166,26,12
196,177,66,166,199,26,13
177,66,68,199,64,26,14
66,68,110,64,59,26,15
68,110,94,59,96,26,16
110,94,73,96,107,26,17
94,73,86,107,94,26,18
73,86,94,94,79,26,19
86,94,100,79,90,26,20
94,100,105,90,100,26,21
100,105,116,100,100,26,22
105,116,114,100,104,26,23
116,114,116,104,113,26,24
114,116,116,113,111,26,25
116,116,111,111,111,26,26
116,111,110,111,118,26,27
111,110,119,118,121,26,28
110,119,121,121,120,26,29
119,121,114,120,118,26,30
-11,58,20,-13,52,27,1
58,20,23,52,31,27,2
20,23,34,31,21,27,3
23,34,24,21,60,27,4
34,24,66,60,43,27,5
24,66,35,43,45,27,6
66,35,132,45,21,27,7
35,132,76,21,157,27,8
132,76,159,157,62,27,9
76,159,149,62,170,27,10
159,149,166,170,150,27,11
149,166,199,150,141,27,12
166,199,64,141,141,27,13
199,64,59,141,99,27,14
64,59,96,99,100,27,15
59,96,107,100,67,27,16
96,107,94,67,88,27,17
107,94,79,88,98,27,18
94,79,90,98,91,27,19
79,90,100,91,92,27,20
90,100,100,92,98,27,21
100,100,104,98,100,27,22
100,104,113,100,106,27,23
104,113,111,106,107,27,24
113,111,111,107,109,27,25
111,111,118,109,112,27,26
111,118,121,112,113,27,27
118,121,120,113,118,27,28
121,120,118,118,120,27,29
120,118,113,120,119,27,30
-13,52,31,-1,29,28,1
52,31,21,29,39,28,2
31,21,60,39,93,28,3
21,60,43,93,49,28,4
60,43,45,49,60,28,5
43,45,21,60,40,28,6
45,21,157,40,30,28,7
21,157,62,30,43,28,8
157,62,170,43,65,28,9
62,170,150,65,72,28,10
170,150,141,72,96,28,11
150,141,141,96,84,28,12
141,141,99,84,153,28,13
141,99,100,153,122,28,14
99,100,67,122,53,28,15
100,67,88,53,87,28,16
67,88,98,87,90,28,17
88,98,91,90,90,28,18
98,91,92,90,98,28,19
91,92,98,98,81,28,20
92,98,100,81,72,28,21
98,100,106,72,99,28,22
100,106,107,99,99,28,23
106,107,109,99,101,28,24
107,109,112,101,106,28,25
109,112,113,106,104,28,26
112,113,118,104,113,28,27
113,118,120,113,115,28,28
118,120,119,115,117,28,29
120,119,116,117,117,28,30
-1,29,39,45,63,29,1
29,39,93,63,50,29,2
39,93,49,50,38,29,3
93,49,60,38,72,29,4
49,60,40,72,51,29,5
60,40,30,51,50,29,6
40,30,43,50,14,29,7
30,43,65,14,18,29,8
43,65,72,18,7,29,9
65,72,96,7,15,29,10
72,96,84,15,32,29,11
96,84,153,32,90,29,12
84,153,122,90,143,29,13
153,122,53,143,145,29,14
122,53,87,145,71,29,15
53,87,90,71,74,29,16
87,90,90,74,97,29,17
90,90,98,97,64,29,18
90,98,81,64,86,29,19
98,81,72,86,58,29,20
81,72,99,58,45,29,21
72,99,99,45,77,29,22
99,99,101,77,91,29,23
99,101,106,91,94,29,24
101,106,104,94,92,29,25
106,104,113,92,109,29,26
104,113,115,109,106,29,27
113,115,117,106,111,29,28
115,117,117,111,113,29,29
117,117,114,113,112,29,30
45,63,50,26,26,30,1
63,50,38,26,40,30,2
50,38,72,40,57,30,3
38,72,51,57,56,30,4
72,51,50,56,47,30,5
51,50,14,47,33,30,6
50,14,18,33,24,30,7
14,18,7,24,12,30,8
18,7,15,12,22,30,9
7,15,32,22,10,30,10
15,32,90,10,14,30,11
32,90,143,14,96,30,12
90,143,145,96,92,30,13
143,145,71,92,131,30,14
145,71,74,131,129,30,15
71,74,97,129,73,30,16
74,97,64,73,98,30,17
97,64,86,98,69,30,18
64,86,58,69,57,30,19
86,58,45,57,48,30,20
58,45,77,48,57,30,21
45,77,91,57,70,30,22
77,91,94,70,71,30,23
91,94,92,71,87,30,24
94,92,109,87,83,30,25
92,109,106,83,101,30,26
109,106,111,101,100,30,27
106,111,113,100,102,30,28
111,113,112,102,109,30,29
113,112,111,109,107,30,30