78,83,71,64,71,1,1
83,71,82,71,75,1,2
71,82,98,75,70,1,3
82,98,97,70,75,1,4
98,97,89,75,71,1,5
97,89,99,71,78,1,6
89,99,92,78,83,1,7
99,92,89,83,82,1,8
92,89,103,82,81,1,9
89,103,107,81,82,1,10
103,107,91,82,88,1,11
107,91,86,88,90,1,12
91,86,84,90,85,1,13
86,84,77,85,81,1,14
84,77,75,81,82,1,15
77,75,94,82,88,1,16
75,94,82,88,90,1,17
94,82,81,90,97,1,18
82,81,75,97,96,1,19
81,75,72,96,94,1,20
75,72,69,94,81,1,21
72,69,75,81,87,1,22
69,75,80,87,114,1,23
75,80,75,114,90,1,24
80,75,75,90,77,1,25
75,75,74,77,76,1,26
75,74,74,76,76,1,27
74,74,74,76,76,1,28
74,74,74,76,76,1,29
74,74,74,76,76,1,30
74,74,75,76,76,1,31
74,75,76,76,77,1,32
75,76,76,77,77,1,33
76,76,75,77,78,1,34
76,75,76,78,78,1,35
75,76,77,78,80,1,36
76,77,80,80,82,1,37
77,80,77,82,83,1,38
80,77,79,83,80,1,39
77,79,79,80,79,1,40
79,79,87,79,80,1,41
79,87,107,80,90,1,42
87,107,107,90,95,1,43
107,107,76,95,101,1,44
107,76,89,101,92,1,45
76,89,101,92,87,1,46
89,101,124,87,114,1,47
101,124,146,114,134,1,48
124,146,143,134,140,1,49
146,143,142,140,136,1,50
143,142,145,136,136,1,51
142,145,144,136,136,1,52
145,144,142,136,138,1,53
144,142,140,138,138,1,54
142,140,140,138,138,1,55
140,140,136,138,136,1,56
140,136,130,136,136,1,57
136,130,136,136,138,1,58
130,136,135,138,137,1,59
136,135,122,137,137,1,60
135,122,129,137,130,1,61
122,129,136,130,135,1,62
64,71,75,66,70,2,1
71,75,70,70,79,2,2
75,70,75,79,89,2,3
70,75,71,89,99,2,4
75,71,78,99,91,2,5
71,78,83,91,73,2,6
78,83,82,73,76,2,7
83,82,81,76,74,2,8
82,81,82,74,74,2,9
81,82,88,74,74,2,10
82,88,90,74,80,2,11
88,90,85,80,82,2,12
90,85,81,82,79,2,13
85,81,82,79,78,2,14
81,82,88,78,82,2,15
82,88,90,82,83,2,16
88,90,97,83,91,2,17
90,97,96,91,98,2,18
97,96,94,98,100,2,19
96,94,81,100,96,2,20
94,81,87,96,96,2,21
81,87,114,96,93,2,22
87,114,90,93,96,2,23
114,90,77,96,91,2,24
90,77,76,91,81,2,25
77,76,76,81,79,2,26
76,76,76,79,79,2,27
76,76,76,79,79,2,28
76,76,76,79,79,2,29
76,76,76,79,79,2,30
76,76,77,79,80,2,31
76,77,77,80,80,2,32
77,77,78,80,81,2,33
77,78,78,81,80,2,34
78,78,80,80,79,2,35
78,80,82,79,81,2,36
80,82,83,81,82,2,37
82,83,80,82,87,2,38
83,80,79,87,85,2,39
80,79,80,85,83,2,40
79,80,90,83,81,2,41
80,90,95,81,81,2,42
90,95,101,81,86,2,43
95,101,92,86,85,2,44
101,92,87,85,96,2,45
92,87,114,96,87,2,46
87,114,134,87,121,2,47
114,134,140,121,128,2,48
134,140,136,128,128,2,49
140,136,136,128,126,2,50
136,136,136,126,127,2,51
136,136,138,127,129,2,52
136,138,138,129,129,2,53
138,138,138,129,128,2,54
138,138,136,128,128,2,55
138,136,136,128,131,2,56
136,136,138,131,128,2,57
136,138,137,128,126,2,58
138,137,137,126,123,2,59
137,137,130,123,127,2,60
137,130,135,127,133,2,61
130,135,128,133,132,2,62
66,70,79,65,65,3,1
70,79,89,65,73,3,2
79,89,99,73,76,3,3
89,99,91,76,77,3,4
99,91,73,77,94,3,5
91,73,76,94,100,3,6
73,76,74,100,84,3,7
76,74,74,84,80,3,8
74,74,74,80,74,3,9
74,74,80,74,77,3,10
74,80,82,77,88,3,11
80,82,79,88,92,3,12
82,79,78,92,83,3,13
79,78,82,83,91,3,14
78,82,83,91,106,3,15
82,83,91,106,123,3,16
83,91,98,123,130,3,17
91,98,100,130,125,3,18
98,100,96,125,102,3,19
100,96,96,102,92,3,20
96,96,93,92,84,3,21
96,93,96,84,87,3,22
93,96,91,87,84,3,23
96,91,81,84,81,3,24
91,81,79,81,81,3,25
81,79,79,81,81,3,26
79,79,79,81,81,3,27
79,79,79,81,81,3,28
79,79,79,81,81,3,29
79,79,80,81,80,3,30
79,80,80,80,80,3,31
80,80,81,80,82,3,32
80,81,80,82,84,3,33
81,80,79,84,83,3,34
80,79,81,83,82,3,35
79,81,82,82,82,3,36
81,82,87,82,83,3,37
82,87,85,83,83,3,38
87,85,83,83,86,3,39
85,83,81,86,82,3,40
83,81,81,82,85,3,41
81,81,86,85,83,3,42
81,86,85,83,84,3,43
86,85,96,84,90,3,44
85,96,87,90,98,3,45
96,87,121,98,101,3,46
87,121,128,101,116,3,47
121,128,128,116,128,3,48
128,128,126,128,137,3,49
128,126,127,137,132,3,50
126,127,129,132,126,3,51
127,129,129,126,121,3,52
129,129,128,121,118,3,53
129,128,128,118,117,3,54
128,128,131,117,120,3,55
128,131,128,120,109,3,56
131,128,126,109,95,3,57
128,126,123,95,93,3,58
126,123,127,93,111,3,59
123,127,133,111,126,3,60
127,133,132,126,134,3,61
133,132,120,134,122,3,62
65,65,73,65,67,4,1
65,73,76,67,69,4,2
73,76,77,69,71,4,3
76,77,94,71,74,4,4
77,94,100,74,76,4,5
94,100,84,76,80,4,6
100,84,80,80,94,4,7
84,80,74,94,93,4,8
80,74,77,93,92,4,9
74,77,88,92,83,4,10
77,88,92,83,98,4,11
88,92,83,98,101,4,12
92,83,91,101,157,4,13
83,91,106,157,215,4,14
91,106,123,215,233,4,15
106,123,130,233,228,4,16
123,130,125,228,201,4,17
130,125,102,201,218,4,18
125,102,92,218,222,4,19
102,92,84,222,177,4,20
92,84,87,177,130,4,21
84,87,84,130,82,4,22
87,84,81,82,85,4,23
84,81,81,85,83,4,24
81,81,81,83,83,4,25
81,81,81,83,85,4,26
81,81,81,85,83,4,27
81,81,81,83,83,4,28
81,81,80,83,82,4,29
81,80,80,82,82,4,30
80,80,82,82,82,4,31
80,82,84,82,82,4,32
82,84,83,82,84,4,33
84,83,82,84,87,4,34
83,82,82,87,85,4,35
82,82,83,85,84,4,36
82,83,83,84,83,4,37
83,83,86,83,96,4,38
83,86,82,96,103,4,39
86,82,85,103,90,4,40
82,85,83,90,85,4,41
85,83,84,85,88,4,42
83,84,90,88,94,4,43
84,90,98,94,119,4,44
90,98,101,119,136,4,45
98,101,116,136,138,4,46
101,116,128,138,130,4,47
116,128,137,130,126,4,48
128,137,132,126,129,4,49
137,132,126,129,125,4,50
132,126,121,125,115,4,51
126,121,118,115,110,4,52
121,118,117,110,107,4,53
118,117,120,107,108,4,54
117,120,109,108,111,4,55
120,109,95,111,94,4,56
109,95,93,94,93,4,57
95,93,111,93,88,4,58
93,111,126,88,101,4,59
111,126,134,101,115,4,60
126,134,122,115,118,4,61
134,122,115,118,115,4,62
65,67,69,68,70,5,1
67,69,71,70,72,5,2
69,71,74,72,72,5,3
71,74,76,72,74,5,4
74,76,80,74,75,5,5
76,80,94,75,82,5,6
80,94,93,82,80,5,7
94,93,92,80,85,5,8
93,92,83,85,96,5,9
92,83,98,96,113,5,10
83,98,101,113,108,5,11
98,101,157,108,143,5,12
101,157,215,143,258,5,13
157,215,233,258,242,5,14
215,233,228,242,245,5,15
233,228,201,245,246,5,16
228,201,218,246,242,5,17
201,218,222,242,225,5,18
218,222,177,225,186,5,19
222,177,130,186,211,5,20
177,130,82,211,167,5,21
130,82,85,167,89,5,22
82,85,83,89,86,5,23
85,83,83,86,85,5,24
83,83,85,85,86,5,25
83,85,83,86,85,5,26
85,83,83,85,85,5,27
83,83,82,85,85,5,28
83,82,82,85,84,5,29
82,82,82,84,84,5,30
82,82,82,84,84,5,31
82,82,84,84,85,5,32
82,84,87,85,85,5,33
84,87,85,85,86,5,34
87,85,84,86,85,5,35
85,84,83,85,88,5,36
84,83,96,88,96,5,37
83,96,103,96,129,5,38
96,103,90,129,137,5,39
103,90,85,137,115,5,40
90,85,88,115,91,5,41
85,88,94,91,93,5,42
88,94,119,93,106,5,43
94,119,136,106,110,5,44
119,136,138,110,130,5,45
136,138,130,130,125,5,46
138,130,126,125,127,5,47
130,126,129,127,129,5,48
126,129,125,129,117,5,49
129,125,115,117,109,5,50
125,115,110,109,103,5,51
115,110,107,103,104,5,52
110,107,108,104,106,5,53
107,108,111,106,109,5,54
108,111,94,109,94,5,55
111,94,93,94,94,5,56
94,93,88,94,124,5,57
93,88,101,124,133,5,58
88,101,115,133,118,5,59
101,115,118,118,119,5,60
115,118,115,119,111,5,61
118,115,115,111,133,5,62
68,70,72,70,72,6,1
70,72,72,72,74,6,2
72,72,74,74,75,6,3
72,74,75,75,75,6,4
74,75,82,75,77,6,5
75,82,80,77,84,6,6
82,80,85,84,92,6,7
80,85,96,92,98,6,8
85,96,113,98,106,6,9
96,113,108,106,105,6,10
113,108,143,105,89,6,11
108,143,258,89,138,6,12
143,258,242,138,257,6,13
258,242,245,257,247,6,14
242,245,246,247,250,6,15
245,246,242,250,231,6,16
246,242,225,231,238,6,17
242,225,186,238,223,6,18
225,186,211,223,220,6,19
186,211,167,220,213,6,20
211,167,89,213,175,6,21
167,89,86,175,100,6,22
89,86,85,100,87,6,23
86,85,86,87,87,6,24
85,86,85,87,88,6,25
86,85,85,88,87,6,26
85,85,85,87,87,6,27
85,85,84,87,87,6,28
85,84,84,87,86,6,29
84,84,84,86,87,6,30
84,84,85,87,86,6,31
84,85,85,86,87,6,32
85,85,86,87,93,6,33
85,86,85,93,107,6,34
86,85,88,107,118,6,35
85,88,96,118,135,6,36
88,96,129,135,145,6,37
96,129,137,145,145,6,38
129,137,115,145,143,6,39
137,115,91,143,141,6,40
115,91,93,141,128,6,41
91,93,106,128,98,6,42
93,106,110,98,89,6,43
106,110,130,89,99,6,44
110,130,125,99,129,6,45
130,125,127,129,118,6,46
125,127,129,118,119,6,47
127,129,117,119,125,6,48
129,117,109,125,124,6,49
117,109,103,124,119,6,50
109,103,104,119,106,6,51
103,104,106,106,91,6,52
104,106,109,91,89,6,53
106,109,94,89,91,6,54
109,94,94,91,111,6,55
94,94,124,111,130,6,56
94,124,133,130,132,6,57
124,133,118,132,130,6,58
133,118,119,130,136,6,59
118,119,111,136,137,6,60
119,111,133,137,132,6,61
111,133,141,132,132,6,62
70,72,74,72,75,7,1
72,74,75,75,75,7,2
74,75,75,75,76,7,3
75,75,77,76,78,7,4
75,77,84,78,86,7,5
77,84,92,86,83,7,6
84,92,98,83,90,7,7
92,98,106,90,91,7,8
98,106,105,91,86,7,9
106,105,89,86,84,7,10
105,89,138,84,81,7,11
89,138,257,81,147,7,12
138,257,247,147,240,7,13
257,247,250,240,220,7,14
247,250,231,220,156,7,15
250,231,238,156,226,7,16
231,238,223,226,198,7,17
238,223,220,198,211,7,18
223,220,213,211,127,7,19
220,213,175,127,183,7,20
213,175,100,183,173,7,21
175,100,87,173,102,7,22
100,87,87,102,88,7,23
87,87,88,88,88,7,24
87,88,87,88,89,7,25
88,87,87,89,88,7,26
87,87,87,88,88,7,27
87,87,86,88,88,7,28
87,86,87,88,88,7,29
86,87,86,88,88,7,30
87,86,87,88,89,7,31
86,87,93,89,95,7,32
87,93,107,95,109,7,33
93,107,118,109,135,7,34
107,118,135,135,134,7,35
118,135,145,134,138,7,36
135,145,145,138,147,7,37
145,145,143,147,147,7,38
145,143,141,147,144,7,39
143,141,128,144,145,7,40
141,128,98,145,149,7,41
128,98,89,149,119,7,42
98,89,99,119,94,7,43
89,99,129,94,109,7,44
99,129,118,109,122,7,45
129,118,119,122,114,7,46
118,119,125,114,109,7,47
119,125,124,109,110,7,48
125,124,119,110,102,7,49
124,119,106,102,94,7,50
119,106,91,94,90,7,51
106,91,89,90,88,7,52
91,89,91,88,93,7,53
89,91,111,93,103,7,54
91,111,130,103,105,7,55
111,130,132,105,101,7,56
130,132,130,101,107,7,57
132,130,136,107,114,7,58
130,136,137,114,115,7,59
136,137,132,115,112,7,60
137,132,132,112,121,7,61
132,132,140,121,126,7,62
72,75,75,74,79,8,1
75,75,76,79,83,8,2
75,76,78,83,83,8,3
76,78,86,83,81,8,4
78,86,83,81,87,8,5
86,83,90,87,88,8,6
83,90,91,88,94,8,7
90,91,86,94,91,8,8
91,86,84,91,84,8,9
86,84,81,84,85,8,10
84,81,147,85,83,8,11
81,147,240,83,140,8,12
147,240,220,140,229,8,13
240,220,156,229,250,8,14
220,156,226,250,158,8,15
156,226,198,158,247,8,16
226,198,211,247,233,8,17
198,211,127,233,216,8,18
211,127,183,216,128,8,19
127,183,173,128,187,8,20
183,173,102,187,116,8,21
173,102,88,116,104,8,22
102,88,88,104,88,8,23
88,88,89,88,90,8,24
88,89,88,90,89,8,25
89,88,88,89,90,8,26
88,88,88,90,90,8,27
88,88,88,90,90,8,28
88,88,88,90,91,8,29
88,88,89,91,90,8,30
88,89,95,90,93,8,31
89,95,109,93,103,8,32
95,109,135,103,109,8,33
109,135,134,109,123,8,34
135,134,138,123,129,8,35
134,138,147,129,134,8,36
138,147,147,134,134,8,37
147,147,144,134,134,8,38
147,144,145,134,136,8,39
144,145,149,136,134,8,40
145,149,119,134,134,8,41
149,119,94,134,138,8,42
119,94,109,138,135,8,43
94,109,122,135,110,8,44
109,122,114,110,96,8,45
122,114,109,96,98,8,46
114,109,110,98,97,8,47
109,110,102,97,90,8,48
110,102,94,90,92,8,49
102,94,90,92,91,8,50
94,90,88,91,90,8,51
90,88,93,90,90,8,52
88,93,103,90,90,8,53
93,103,105,90,91,8,54
103,105,101,91,90,8,55
105,101,107,90,100,8,56
101,107,114,100,110,8,57
107,114,115,110,109,8,58
114,115,112,109,112,8,59
115,112,121,112,111,8,60
112,121,126,111,109,8,61
121,126,127,109,114,8,62
74,79,83,76,79,9,1
79,83,83,79,84,9,2
83,83,81,84,85,9,3
83,81,87,85,90,9,4
81,87,88,90,90,9,5
87,88,94,90,90,9,6
88,94,91,90,86,9,7
94,91,84,86,85,9,8
91,84,85,85,85,9,9
84,85,83,85,87,9,10
85,83,140,87,87,9,11
83,140,229,87,121,9,12
140,229,250,121,243,9,13
229,250,158,243,243,9,14
250,158,247,243,250,9,15
158,247,233,250,238,9,16
247,233,216,238,236,9,17
233,216,128,236,227,9,18
216,128,187,227,216,9,19
128,187,116,216,205,9,20
187,116,104,205,136,9,21
116,104,88,136,93,9,22
104,88,90,93,91,9,23
88,90,89,91,91,9,24
90,89,90,91,92,9,25
89,90,90,92,92,9,26
90,90,90,92,91,9,27
90,90,91,91,91,9,28
90,91,90,91,92,9,29
91,90,93,92,92,9,30
90,93,103,92,93,9,31
93,103,109,93,93,9,32
103,109,123,93,97,9,33
109,123,129,97,104,9,34
123,129,134,104,119,9,35
129,134,134,119,121,9,36
134,134,134,121,123,9,37
134,134,136,123,127,9,38
134,136,134,127,128,9,39
136,134,134,128,129,9,40
134,134,138,129,125,9,41
134,138,135,125,123,9,42
138,135,110,123,132,9,43
135,110,96,132,124,9,44
110,96,98,124,103,9,45
96,98,97,103,95,9,46
98,97,90,95,98,9,47
97,90,92,98,93,9,48
90,92,91,93,93,9,49
92,91,90,93,94,9,50
91,90,90,94,92,9,51
90,90,90,92,91,9,52
90,90,91,91,92,9,53
90,91,90,92,93,9,54
91,90,100,93,92,9,55
90,100,110,92,92,9,56
100,110,109,92,92,9,57
110,109,112,92,100,9,58
109,112,111,100,98,9,59
112,111,109,98,101,9,60
111,109,114,101,97,9,61
109,114,110,97,94,9,62
76,79,84,78,80,10,1
79,84,85,80,81,10,2
84,85,90,81,84,10,3
85,90,90,84,87,10,4
90,90,90,87,89,10,5
90,90,86,89,89,10,6
90,86,85,89,90,10,7
86,85,85,90,89,10,8
85,85,87,89,89,10,9
85,87,87,89,90,10,10
87,87,121,90,92,10,11
87,121,243,92,100,10,12
121,243,243,100,245,10,13
243,243,250,245,241,10,14
243,250,238,241,245,10,15
250,238,236,245,241,10,16
238,236,227,241,237,10,17
236,227,216,237,227,10,18
227,216,205,227,224,10,19
216,205,136,224,201,10,20
205,136,93,201,171,10,21
136,93,91,171,94,10,22
93,91,91,94,94,10,23
91,91,92,94,93,10,24
91,92,92,93,94,10,25
92,92,91,94,93,10,26
92,91,91,93,93,10,27
91,91,92,93,93,10,28
91,92,92,93,93,10,29
92,92,93,93,93,10,30
92,93,93,93,94,10,31
93,93,97,94,95,10,32
93,97,104,95,99,10,33
97,104,119,99,100,10,34
104,119,121,100,101,10,35
119,121,123,101,99,10,36
121,123,127,99,119,10,37
123,127,128,119,130,10,38
127,128,129,130,123,10,39
128,129,125,123,125,10,40
129,125,123,125,119,10,41
125,123,132,119,114,10,42
123,132,124,114,114,10,43
132,124,103,114,105,10,44
124,103,95,105,99,10,45
103,95,98,99,96,10,46
95,98,93,96,95,10,47
98,93,93,95,95,10,48
93,93,94,95,94,10,49
93,94,92,94,94,10,50
94,92,91,94,93,10,51
92,91,92,93,93,10,52
91,92,93,93,94,10,53
92,93,92,94,93,10,54
93,92,92,93,93,10,55
92,92,92,93,93,10,56
92,92,100,93,93,10,57
92,100,98,93,92,10,58
100,98,101,92,93,10,59
98,101,97,93,93,10,60
101,97,94,93,93,10,61
97,94,94,93,94,10,62
78,80,81,79,82,11,1
80,81,84,82,83,11,2
81,84,87,83,84,11,3
84,87,89,84,86,11,4
87,89,89,86,86,11,5
89,89,90,86,89,11,6
89,90,89,89,90,11,7
90,89,89,90,91,11,8
89,89,90,91,93,11,9
89,90,92,93,97,11,10
90,92,100,97,98,11,11
92,100,245,98,115,11,12
100,245,241,115,251,11,13
245,241,245,251,239,11,14
241,245,241,239,230,11,15
245,241,237,230,244,11,16
241,237,227,244,241,11,17
237,227,224,241,225,11,18
227,224,201,225,197,11,19
224,201,171,197,207,11,20
201,171,94,207,165,11,21
171,94,94,165,95,11,22
94,94,93,95,95,11,23
94,93,94,95,92,11,24
93,94,93,92,155,11,25
94,93,93,155,107,11,26
93,93,93,107,94,11,27
93,93,93,94,95,11,28
93,93,93,95,96,11,29
93,93,94,96,95,11,30
93,94,95,95,95,11,31
94,95,99,95,96,11,32
95,99,100,96,96,11,33
99,100,101,96,99,11,34
100,101,99,99,97,11,35
101,99,119,97,99,11,36
99,119,130,99,99,11,37
119,130,123,99,104,11,38
130,123,125,104,102,11,39
123,125,119,102,100,11,40
125,119,114,100,100,11,41
119,114,114,100,98,11,42
114,114,105,98,98,11,43
114,105,99,98,98,11,44
105,99,96,98,97,11,45
99,96,95,97,97,11,46
96,95,95,97,98,11,47
95,95,94,98,97,11,48
95,94,94,97,96,11,49
94,94,93,96,96,11,50
94,93,93,96,95,11,51
93,93,94,95,95,11,52
93,94,93,95,94,11,53
94,93,93,94,95,11,54
93,93,93,95,95,11,55
93,93,93,95,96,11,56
93,93,92,96,95,11,57
93,92,93,95,95,11,58
92,93,93,95,95,11,59
93,93,93,95,95,11,60
93,93,94,95,95,11,61
93,94,93,95,94,11,62
79,82,83,82,83,12,1
82,83,84,83,85,12,2
83,84,86,85,86,12,3
84,86,86,86,87,12,4
86,86,89,87,89,12,5
86,89,90,89,90,12,6
89,90,91,90,90,12,7
90,91,93,90,90,12,8
91,93,97,90,92,12,9
93,97,98,92,92,12,10
97,98,115,92,93,12,11
98,115,251,93,119,12,12
115,251,239,119,251,12,13
251,239,230,251,227,12,14
239,230,244,227,201,12,15
230,244,241,201,247,12,16
244,241,225,247,239,12,17
241,225,197,239,220,12,18
225,197,207,220,172,12,19
197,207,165,172,207,12,20
207,165,95,207,163,12,21
165,95,95,163,98,12,22
95,95,92,98,97,12,23
95,92,155,97,93,12,24
92,155,107,93,136,12,25
155,107,94,136,91,12,26
107,94,95,91,97,12,27
94,95,96,97,98,12,28
95,96,95,98,97,12,29
96,95,95,97,97,12,30
95,95,96,97,98,12,31
95,96,96,98,97,12,32
96,96,99,97,98,12,33
96,99,97,98,98,12,34
99,97,99,98,98,12,35
97,99,99,98,99,12,36
99,99,104,99,99,12,37
99,104,102,99,97,12,38
104,102,100,97,98,12,39
102,100,100,98,98,12,40
100,100,98,98,98,12,41
100,98,98,98,99,12,42
98,98,98,99,100,12,43
98,98,97,100,99,12,44
98,97,97,99,99,12,45
97,97,98,99,99,12,46
97,98,97,99,99,12,47
98,97,96,99,98,12,48
97,96,96,98,98,12,49
96,96,95,98,97,12,50
96,95,95,97,97,12,51
95,95,94,97,97,12,52
95,94,95,97,97,12,53
94,95,95,97,98,12,54
95,95,96,98,98,12,55
95,96,95,98,97,12,56
96,95,95,97,96,12,57
95,95,95,96,97,12,58
95,95,95,97,98,12,59
95,95,95,98,96,12,60
95,95,94,96,97,12,61
95,94,92,97,95,12,62
82,83,85,84,86,13,1
83,85,86,86,88,13,2
85,86,87,88,89,13,3
86,87,89,89,90,13,4
87,89,90,90,91,13,5
89,90,90,91,91,13,6
90,90,90,91,92,13,7
90,90,92,92,92,13,8
90,92,92,92,93,13,9
92,92,93,93,96,13,10
92,93,119,96,94,13,11
93,119,251,94,127,13,12
119,251,227,127,249,13,13
251,227,201,249,228,13,14
227,201,247,228,216,13,15
201,247,239,216,239,13,16
247,239,220,239,234,13,17
239,220,172,234,220,13,18
220,172,207,220,188,13,19
172,207,163,188,203,13,20
207,163,98,203,169,13,21
163,98,97,169,99,13,22
98,97,93,99,99,13,23
97,93,136,99,101,13,24
93,136,91,101,83,13,25
136,91,97,83,101,13,26
91,97,98,101,99,13,27
97,98,97,99,98,13,28
98,97,97,98,98,13,29
97,97,98,98,99,13,30
97,98,97,99,99,13,31
98,97,98,99,100,13,32
97,98,98,100,100,13,33
98,98,98,100,100,13,34
98,98,99,100,100,13,35
98,99,99,100,101,13,36
99,99,97,101,100,13,37
99,97,98,100,100,13,38
97,98,98,100,101,13,39
98,98,98,101,101,13,40
98,98,99,101,101,13,41
98,99,100,101,100,13,42
99,100,99,100,101,13,43
100,99,99,101,101,13,44
99,99,99,101,101,13,45
99,99,99,101,101,13,46
99,99,98,101,101,13,47
99,98,98,101,100,13,48
98,98,97,100,99,13,49
98,97,97,99,99,13,50
97,97,97,99,99,13,51
97,97,97,99,99,13,52
97,97,98,99,99,13,53
97,98,98,99,100,13,54
98,98,97,100,98,13,55
98,97,96,98,98,13,56
97,96,97,98,98,13,57
96,97,98,98,98,13,58
97,98,96,98,98,13,59
98,96,97,98,98,13,60
96,97,95,98,98,13,61
97,95,93,98,97,13,62
84,86,88,85,87,14,1
86,88,89,87,88,14,2
88,89,90,88,90,14,3
89,90,91,90,92,14,4
90,91,91,92,92,14,5
91,91,92,92,94,14,6
91,92,92,94,93,14,7
92,92,93,93,95,14,8
92,93,96,95,95,14,9
93,96,94,95,96,14,10
96,94,127,96,96,14,11
94,127,249,96,130,14,12
127,249,228,130,250,14,13
249,228,216,250,241,14,14
228,216,239,241,230,14,15
216,239,234,230,245,14,16
239,234,220,245,234,14,17
234,220,188,234,224,14,18
220,188,203,224,222,14,19
188,203,169,222,203,14,20
203,169,99,203,168,14,21
169,99,99,168,98,14,22
99,99,101,98,103,14,23
99,101,83,103,103,14,24
101,83,101,103,76,14,25
83,101,99,76,104,14,26
101,99,98,104,101,14,27
99,98,98,101,101,14,28
98,98,99,101,101,14,29
98,99,99,101,101,14,30
99,99,100,101,102,14,31
99,100,100,102,102,14,32
100,100,100,102,102,14,33
100,100,100,102,102,14,34
100,100,101,102,103,14,35
100,101,100,103,103,14,36
101,100,100,103,102,14,37
100,100,101,102,102,14,38
100,101,101,102,102,14,39
101,101,101,102,103,14,40
101,101,100,103,103,14,41
101,100,101,103,103,14,42
100,101,101,103,103,14,43
101,101,101,103,102,14,44
101,101,101,102,103,14,45
101,101,101,103,103,14,46
101,101,100,103,102,14,47
101,100,99,102,102,14,48
100,99,99,102,102,14,49
99,99,99,102,101,14,50
99,99,99,101,101,14,51
99,99,99,101,101,14,52
99,99,100,101,101,14,53
99,100,98,101,100,14,54
100,98,98,100,100,14,55
98,98,98,100,100,14,56
98,98,98,100,99,14,57
98,98,98,99,99,14,58
98,98,98,99,100,14,59
98,98,98,100,100,14,60
98,98,97,100,98,14,61
98,97,95,98,100,14,62
85,87,88,86,89,15,1
87,88,90,89,90,15,2
88,90,92,90,92,15,3
90,92,92,92,93,15,4
92,92,94,93,94,15,5
92,94,93,94,95,15,6
94,93,95,95,95,15,7
93,95,95,95,96,15,8
95,95,96,96,97,15,9
95,96,96,97,99,15,10
96,96,130,99,97,15,11
96,130,250,97,135,15,12
130,250,241,135,254,15,13
250,241,230,254,214,15,14
241,230,245,214,221,15,15
230,245,234,221,209,15,16
245,234,224,209,241,15,17
234,224,222,241,225,15,18
224,222,203,225,220,15,19
222,203,168,220,203,15,20
203,168,98,203,174,15,21
168,98,103,174,101,15,22
98,103,103,101,104,15,23
103,103,76,104,104,15,24
103,76,104,104,72,15,25
76,104,101,72,105,15,26
104,101,101,105,103,15,27
101,101,101,103,104,15,28
101,101,101,104,104,15,29
101,101,102,104,104,15,30
101,102,102,104,104,15,31
102,102,102,104,104,15,32
102,102,102,104,105,15,33
102,102,103,105,105,15,34
102,103,103,105,104,15,35
103,103,102,104,105,15,36
103,102,102,105,103,15,37
102,102,102,103,105,15,38
102,102,103,105,104,15,39
102,103,103,104,105,15,40
103,103,103,105,105,15,41
103,103,103,105,105,15,42
103,103,102,105,105,15,43
103,102,103,105,105,15,44
102,103,103,105,106,15,45
103,103,102,106,105,15,46
103,102,102,105,104,15,47
102,102,102,104,104,15,48
102,102,101,104,104,15,49
102,101,101,104,103,15,50
101,101,101,103,103,15,51
101,101,101,103,103,15,52
101,101,100,103,102,15,53
101,100,100,102,102,15,54
100,100,100,102,102,15,55
100,100,99,102,101,15,56
100,99,99,101,101,15,57
99,99,100,101,102,15,58
99,100,100,102,104,15,59
100,100,98,104,102,15,60
100,98,100,102,102,15,61
98,100,97,102,101,15,62
86,89,90,89,91,16,1
89,90,92,91,93,16,2
90,92,93,93,95,16,3
92,93,94,95,95,16,4
93,94,95,95,97,16,5
94,95,95,97,97,16,6
95,95,96,97,98,16,7
95,96,97,98,98,16,8
96,97,99,98,99,16,9
97,99,97,99,100,16,10
99,97,135,100,99,16,11
97,135,254,99,139,16,12
135,254,214,139,241,16,13
254,214,221,241,183,16,14
214,221,209,183,160,16,15
221,209,241,160,205,16,16
209,241,225,205,242,16,17
241,225,220,242,224,16,18
225,220,203,224,224,16,19
220,203,174,224,204,16,20
203,174,101,204,170,16,21
174,101,104,170,102,16,22
101,104,104,102,106,16,23
104,104,72,106,104,16,24
104,72,105,104,70,16,25
72,105,103,70,103,16,26
105,103,104,103,105,16,27
103,104,104,105,106,16,28
104,104,104,106,106,16,29
104,104,104,106,106,16,30
104,104,104,106,106,16,31
104,104,105,106,106,16,32
104,105,105,106,106,16,33
105,105,104,106,106,16,34
105,104,105,106,106,16,35
104,105,103,106,107,16,36
105,103,105,107,107,16,37
103,105,104,107,107,16,38
105,104,105,107,107,16,39
104,105,105,107,107,16,40
105,105,105,107,106,16,41
105,105,105,106,107,16,42
105,105,105,107,106,16,43
105,105,106,106,107,16,44
105,106,105,107,107,16,45
106,105,104,107,106,16,46
105,104,104,106,106,16,47
104,104,104,106,107,16,48
104,104,103,107,106,16,49
104,103,103,106,106,16,50
103,103,103,106,106,16,51
103,103,102,106,105,16,52
103,102,102,105,104,16,53
102,102,102,104,106,16,54
102,102,101,106,105,16,55
102,101,101,105,105,16,56
101,101,102,105,103,16,57
101,102,104,103,104,16,58
102,104,102,104,104,16,59
104,102,102,104,105,16,60
102,102,101,105,105,16,61
102,101,98,105,101,16,62
89,91,93,92,93,17,1
91,93,95,93,94,17,2
93,95,95,94,95,17,3
95,95,97,95,98,17,4
95,97,97,98,99,17,5
97,97,98,99,99,17,6
97,98,98,99,100,17,7
98,98,99,100,100,17,8
98,99,100,100,101,17,9
99,100,99,101,102,17,10
100,99,139,102,101,17,11
99,139,241,101,141,17,12
139,241,183,141,259,17,13
241,183,160,259,144,17,14
183,160,205,144,126,17,15
160,205,242,126,253,17,16
205,242,224,253,237,17,17
242,224,224,237,223,17,18
224,224,204,223,221,17,19
224,204,170,221,199,17,20
204,170,102,199,149,17,21
170,102,106,149,78,17,22
102,106,104,78,111,17,23
106,104,70,111,103,17,24
104,70,103,103,65,17,25
70,103,105,65,103,17,26
103,105,106,103,107,17,27
105,106,106,107,106,17,28
106,106,106,106,108,17,29
106,106,106,108,108,17,30
106,106,106,108,108,17,31
106,106,106,108,109,17,32
106,106,106,109,108,17,33
106,106,106,108,109,17,34
106,106,107,109,108,17,35
106,107,107,108,108,17,36
107,107,107,108,108,17,37
107,107,107,108,108,17,38
107,107,107,108,108,17,39
107,107,106,108,108,17,40
107,106,107,108,108,17,41
106,107,106,108,108,17,42
107,106,107,108,109,17,43
106,107,107,109,109,17,44
107,107,106,109,109,17,45
107,106,106,109,108,17,46
106,106,107,108,108,17,47
106,107,106,108,110,17,48
107,106,106,110,108,17,49
106,106,106,108,108,17,50
106,106,105,108,108,17,51
106,105,104,108,107,17,52
105,104,106,107,106,17,53
104,106,105,106,106,17,54
106,105,105,106,107,17,55
105,105,103,107,105,17,56
105,103,104,105,107,17,57
103,104,104,107,106,17,58
104,104,105,106,106,17,59
104,105,105,106,106,17,60
105,105,101,106,105,17,61
105,101,100,105,104,17,62
92,93,94,93,95,18,1
93,94,95,95,96,18,2
94,95,98,96,98,18,3
95,98,99,98,99,18,4
98,99,99,99,101,18,5
99,99,100,101,100,18,6
99,100,100,100,102,18,7
100,100,101,102,102,18,8
100,101,102,102,103,18,9
101,102,101,103,106,18,10
102,101,141,106,102,18,11
101,141,259,102,143,18,12
141,259,144,143,265,18,13
259,144,126,265,143,18,14
144,126,253,143,126,18,15
126,253,237,126,251,18,16
253,237,223,251,239,18,17
237,223,221,239,226,18,18
223,221,199,226,229,18,19
221,199,149,229,212,18,20
199,149,78,212,153,18,21
149,78,111,153,79,18,22
78,111,103,79,116,18,23
111,103,65,116,90,18,24
103,65,103,90,80,18,25
65,103,107,80,90,18,26
103,107,106,90,111,18,27
107,106,108,111,109,18,28
106,108,108,109,110,18,29
108,108,108,110,110,18,30
108,108,109,110,110,18,31
108,109,108,110,110,18,32
109,108,109,110,111,18,33
108,109,108,111,110,18,34
109,108,108,110,110,18,35
108,108,108,110,110,18,36
108,108,108,110,112,18,37
108,108,108,112,110,18,38
108,108,108,110,111,18,39
108,108,108,111,111,18,40
108,108,108,111,110,18,41
108,108,109,110,110,18,42
108,109,109,110,112,18,43
109,109,109,112,111,18,44
109,109,108,111,111,18,45
109,108,108,111,111,18,46
108,108,110,111,111,18,47
108,110,108,111,111,18,48
110,108,108,111,111,18,49
108,108,108,111,110,18,50
108,108,107,110,110,18,51
108,107,106,110,109,18,52
107,106,106,109,108,18,53
106,106,107,108,109,18,54
106,107,105,109,108,18,55
107,105,107,108,109,18,56
105,107,106,109,108,18,57
107,106,106,108,108,18,58
106,106,106,108,108,18,59
106,106,105,108,107,18,60
106,105,104,107,107,18,61
105,104,102,107,106,18,62
93,95,96,96,96,19,1
95,96,98,96,99,19,2
96,98,99,99,100,19,3
98,99,101,100,102,19,4
99,101,100,102,103,19,5
101,100,102,103,104,19,6
100,102,102,104,104,19,7
102,102,103,104,104,19,8
102,103,106,104,106,19,9
103,106,102,106,107,19,10
106,102,143,107,106,19,11
102,143,265,106,140,19,12
143,265,143,140,253,19,13
265,143,126,253,209,19,14
143,126,251,209,227,19,15
126,251,239,227,242,19,16
251,239,226,242,236,19,17
239,226,229,236,224,19,18
226,229,212,224,210,19,19
229,212,153,210,197,19,20
212,153,79,197,155,19,21
153,79,116,155,79,19,22
79,116,90,79,119,19,23
116,90,80,119,62,19,24
90,80,90,62,41,19,25
80,90,111,41,72,19,26
90,111,109,72,116,19,27
111,109,110,116,112,19,28
109,110,110,112,112,19,29
110,110,110,112,112,19,30
110,110,110,112,112,19,31
110,110,111,112,112,19,32
110,111,110,112,113,19,33
111,110,110,113,113,19,34
110,110,110,113,114,19,35
110,110,112,114,112,19,36
110,112,110,112,113,19,37
112,110,111,113,113,19,38
110,111,111,113,112,19,39
111,111,110,112,113,19,40
111,110,110,113,113,19,41
110,110,112,113,113,19,42
110,112,111,113,113,19,43
112,111,111,113,113,19,44
111,111,111,113,113,19,45
111,111,111,113,113,19,46
111,111,111,113,113,19,47
111,111,111,113,113,19,48
111,111,110,113,114,19,49
111,110,110,114,112,19,50
110,110,109,112,111,19,51
110,109,108,111,110,19,52
109,108,109,110,110,19,53
108,109,108,110,110,19,54
109,108,109,110,110,19,55
108,109,108,110,111,19,56
109,108,108,111,110,19,57
108,108,108,110,109,19,58
108,108,107,109,109,19,59
108,107,107,109,109,19,60
107,107,106,109,108,19,61
107,106,106,108,109,19,62
96,96,99,96,100,20,1
96,99,100,100,100,20,2
99,100,102,100,102,20,3
100,102,103,102,104,20,4
102,103,104,104,105,20,5
103,104,104,105,109,20,6
104,104,104,109,108,20,7
104,104,106,108,110,20,8
104,106,107,110,109,20,9
106,107,106,109,109,20,10
107,106,140,109,108,20,11
106,140,253,108,143,20,12
140,253,209,143,252,20,13
253,209,227,252,247,20,14
209,227,242,247,246,20,15
227,242,236,246,238,20,16
242,236,224,238,236,20,17
236,224,210,236,227,20,18
224,210,197,227,211,20,19
210,197,155,211,196,20,20
197,155,79,196,173,20,21
155,79,119,173,100,20,22
79,119,62,100,118,20,23
119,62,41,118,98,20,24
62,41,72,98,86,20,25
41,72,116,86,100,20,26
72,116,112,100,117,20,27
116,112,112,117,114,20,28
112,112,112,114,114,20,29
112,112,112,114,115,20,30
112,112,112,115,115,20,31
112,112,113,115,115,20,32
112,113,113,115,115,20,33
113,113,114,115,115,20,34
113,114,112,115,115,20,35
114,112,113,115,115,20,36
112,113,113,115,115,20,37
113,113,112,115,115,20,38
113,112,113,115,115,20,39
112,113,113,115,115,20,40
113,113,113,115,115,20,41
113,113,113,115,115,20,42
113,113,113,115,115,20,43
113,113,113,115,116,20,44
113,113,113,116,115,20,45
113,113,113,115,116,20,46
113,113,113,116,115,20,47
113,113,114,115,116,20,48
113,114,112,116,115,20,49
114,112,111,115,114,20,50
112,111,110,114,114,20,51
111,110,110,114,112,20,52
110,110,110,112,112,20,53
110,110,110,112,112,20,54
110,110,111,112,111,20,55
110,111,110,111,113,20,56
111,110,109,113,111,20,57
110,109,109,111,111,20,58
109,109,109,111,111,20,59
109,109,108,111,111,20,60
109,108,109,111,111,20,61
108,109,108,111,110,20,62
96,100,100,98,101,21,1
100,100,102,101,103,21,2
100,102,104,103,104,21,3
102,104,105,104,106,21,4
104,105,109,106,107,21,5
105,109,108,107,108,21,6
109,108,110,108,108,21,7
108,110,109,108,110,21,8
110,109,109,110,111,21,9
109,109,108,111,112,21,10
109,108,143,112,110,21,11
108,143,252,110,151,21,12
143,252,247,151,253,21,13
252,247,246,253,245,21,14
247,246,238,245,244,21,15
246,238,236,244,242,21,16
238,236,227,242,237,21,17
236,227,211,237,225,21,18
227,211,196,225,153,21,19
211,196,173,153,175,21,20
196,173,100,175,177,21,21
173,100,118,177,101,21,22
100,118,98,101,122,21,23
118,98,86,122,96,21,24
98,86,100,96,83,21,25
86,100,117,83,100,21,26
100,117,114,100,119,21,27
117,114,114,119,117,21,28
114,114,115,117,117,21,29
114,115,115,117,117,21,30
115,115,115,117,119,21,31
115,115,115,119,117,21,32
115,115,115,117,117,21,33
115,115,115,117,117,21,34
115,115,115,117,117,21,35
115,115,115,117,118,21,36
115,115,115,118,117,21,37
115,115,115,117,117,21,38
115,115,115,117,118,21,39
115,115,115,118,117,21,40
115,115,115,117,118,21,41
115,115,115,118,119,21,42
115,115,116,119,117,21,43
115,116,115,117,118,21,44
116,115,116,118,117,21,45
115,116,115,117,118,21,46
116,115,116,118,117,21,47
115,116,115,117,117,21,48
116,115,114,117,117,21,49
115,114,114,117,116,21,50
114,114,112,116,116,21,51
114,112,112,116,115,21,52
112,112,112,115,114,21,53
112,112,111,114,114,21,54
112,111,113,114,113,21,55
111,113,111,113,113,21,56
113,111,111,113,113,21,57
111,111,111,113,113,21,58
111,111,111,113,113,21,59
111,111,111,113,113,21,60
111,111,110,113,113,21,61
111,110,109,113,112,21,62
98,101,103,103,105,22,1
101,103,104,105,106,22,2
103,104,106,106,107,22,3
104,106,107,107,108,22,4
106,107,108,108,110,22,5
107,108,108,110,111,22,6
108,108,110,111,111,22,7
108,110,111,111,114,22,8
110,111,112,114,114,22,9
111,112,110,114,114,22,10
112,110,151,114,112,22,11
110,151,253,112,162,22,12
151,253,245,162,248,22,13
253,245,244,248,248,22,14
245,244,242,248,244,22,15
244,242,237,244,241,22,16
242,237,225,241,239,22,17
237,225,153,239,226,22,18
225,153,175,226,176,22,19
153,175,177,176,125,22,20
175,177,101,125,184,22,21
177,101,122,184,106,22,22
101,122,96,106,121,22,23
122,96,83,121,99,22,24
96,83,100,99,93,22,25
83,100,119,93,97,22,26
100,119,117,97,118,22,27
119,117,117,118,120,22,28
117,117,117,120,119,22,29
117,117,119,119,119,22,30
117,119,117,119,118,22,31
119,117,117,118,120,22,32
117,117,117,120,121,22,33
117,117,117,121,120,22,34
117,117,118,120,121,22,35
117,118,117,121,121,22,36
118,117,117,121,120,22,37
117,117,118,120,120,22,38
117,118,117,120,120,22,39
118,117,118,120,120,22,40
117,118,119,120,121,22,41
118,119,117,121,121,22,42
119,117,118,121,121,22,43
117,118,117,121,121,22,44
118,117,118,121,121,22,45
117,118,117,121,120,22,46
118,117,117,120,121,22,47
117,117,117,121,119,22,48
117,117,116,119,120,22,49
117,116,116,120,118,22,50
116,116,115,118,118,22,51
116,115,114,118,117,22,52
115,114,114,117,116,22,53
114,114,113,116,116,22,54
114,113,113,116,115,22,55
113,113,113,115,115,22,56
113,113,113,115,115,22,57
113,113,113,115,115,22,58
113,113,113,115,115,22,59
113,113,113,115,115,22,60
113,113,112,115,116,22,61
113,112,112,116,115,22,62
103,105,106,103,105,23,1
105,106,107,105,109,23,2
106,107,108,109,113,23,3
107,108,110,113,112,23,4
108,110,111,112,112,23,5
110,111,111,112,112,23,6
111,111,114,112,113,23,7
111,114,114,113,113,23,8
114,114,114,113,114,23,9
114,114,112,114,116,23,10
114,112,162,116,111,23,11
112,162,248,111,174,23,12
162,248,248,174,251,23,13
248,248,244,251,186,23,14
248,244,241,186,210,23,15
244,241,239,210,241,23,16
241,239,226,241,238,23,17
239,226,176,238,233,23,18
226,176,125,233,178,23,19
176,125,184,178,144,23,20
125,184,106,144,180,23,21
184,106,121,180,89,23,22
106,121,99,89,146,23,23
121,99,93,146,150,23,24
99,93,97,150,217,23,25
93,97,118,217,155,23,26
97,118,120,155,130,23,27
118,120,119,130,126,23,28
120,119,119,126,123,23,29
119,119,118,123,122,23,30
119,118,120,122,118,23,31
118,120,121,118,153,23,32
120,121,120,153,119,23,33
121,120,121,119,123,23,34
120,121,121,123,123,23,35
121,121,120,123,124,23,36
121,120,120,124,123,23,37
120,120,120,123,123,23,38
120,120,120,123,123,23,39
120,120,121,123,125,23,40
120,121,121,125,125,23,41
121,121,121,125,125,23,42
121,121,121,125,123,23,43
121,121,121,123,123,23,44
121,121,120,123,123,23,45
121,120,121,123,123,23,46
120,121,119,123,121,23,47
121,119,120,121,122,23,48
119,120,118,122,122,23,49
120,118,118,122,122,23,50
118,118,117,122,121,23,51
118,117,116,121,119,23,52
117,116,116,119,120,23,53
116,116,115,120,118,23,54
116,115,115,118,118,23,55
115,115,115,118,117,23,56
115,115,115,117,118,23,57
115,115,115,118,118,23,58
115,115,115,118,118,23,59
115,115,116,118,120,23,60
115,116,115,120,119,23,61
116,115,114,119,120,23,62
103,105,109,107,108,24,1
105,109,113,108,110,24,2
109,113,112,110,111,24,3
113,112,112,111,114,24,4
112,112,112,114,116,24,5
112,112,113,116,116,24,6
112,113,113,116,118,24,7
113,113,114,118,117,24,8
113,114,116,117,117,24,9
114,116,111,117,118,24,10
116,111,174,118,112,24,11
111,174,251,112,187,24,12
174,251,186,187,256,24,13
251,186,210,256,169,24,14
186,210,241,169,198,24,15
210,241,238,198,245,24,16
241,238,233,245,240,24,17
238,233,178,240,158,24,18
233,178,144,158,175,24,19
178,144,180,175,139,24,20
144,180,89,139,117,24,21
180,89,146,117,104,24,22
89,146,150,104,222,24,23
146,150,217,222,181,24,24
150,217,155,181,144,24,25
217,155,130,144,202,24,26
155,130,126,202,132,24,27
130,126,123,132,48,24,28
126,123,122,48,114,24,29
123,122,118,114,132,24,30
122,118,153,132,122,24,31
118,153,119,122,114,24,32
153,119,123,114,128,24,33
119,123,123,128,126,24,34
123,123,124,126,126,24,35
123,124,123,126,127,24,36
124,123,123,127,127,24,37
123,123,123,127,128,24,38
123,123,125,128,127,24,39
123,125,125,127,128,24,40
125,125,125,128,127,24,41
125,125,123,127,126,24,42
125,123,123,126,126,24,43
123,123,123,126,125,24,44
123,123,123,125,125,24,45
123,123,121,125,125,24,46
123,121,122,125,125,24,47
121,122,122,125,124,24,48
122,122,122,124,124,24,49
122,122,121,124,123,24,50
122,121,119,123,123,24,51
121,119,120,123,122,24,52
119,120,118,122,122,24,53
120,118,118,122,121,24,54
118,118,117,121,121,24,55
118,117,118,121,120,24,56
117,118,118,120,120,24,57
118,118,118,120,122,24,58
118,118,120,122,122,24,59
118,120,119,122,121,24,60
120,119,120,121,122,24,61
119,120,119,122,122,24,62
107,108,110,107,110,25,1
108,110,111,110,112,25,2
110,111,114,112,116,25,3
111,114,116,116,122,25,4
114,116,116,122,121,25,5
116,116,118,121,121,25,6
116,118,117,121,121,25,7
118,117,117,121,120,25,8
117,117,118,120,119,25,9
117,118,112,119,120,25,10
118,112,187,120,113,25,11
112,187,256,113,193,25,12
187,256,169,193,255,25,13
256,169,198,255,164,25,14
169,198,245,164,202,25,15
198,245,240,202,243,25,16
245,240,158,243,238,25,17
240,158,175,238,167,25,18
158,175,139,167,183,25,19
175,139,117,183,203,25,20
139,117,104,203,128,25,21
117,104,222,128,113,25,22
104,222,181,113,230,25,23
222,181,144,230,173,25,24
181,144,202,173,112,25,25
144,202,132,112,239,25,26
202,132,48,239,176,25,27
132,48,114,176,132,25,28
48,114,132,132,89,25,29
114,132,122,89,75,25,30
132,122,114,75,139,25,31
122,114,128,139,146,25,32
114,128,126,146,121,25,33
128,126,126,121,129,25,34
126,126,127,129,129,25,35
126,127,127,129,129,25,36
127,127,128,129,129,25,37
127,128,127,129,129,25,38
128,127,128,129,130,25,39
127,128,127,130,130,25,40
128,127,126,130,129,25,41
127,126,126,129,129,25,42
126,126,125,129,129,25,43
126,125,125,129,129,25,44
125,125,125,129,127,25,45
125,125,125,127,127,25,46
125,125,124,127,127,25,47
125,124,124,127,127,25,48
124,124,123,127,126,25,49
124,123,123,126,126,25,50
123,123,122,126,125,25,51
123,122,122,125,125,25,52
122,122,121,125,124,25,53
122,121,121,124,123,25,54
121,121,120,123,123,25,55
121,120,120,123,122,25,56
120,120,122,122,123,25,57
120,122,122,123,122,25,58
122,122,121,122,124,25,59
122,121,122,124,127,25,60
121,122,122,127,127,25,61
122,122,125,127,127,25,62
107,110,112,110,112,26,1
110,112,116,112,114,26,2
112,116,122,114,116,26,3
116,122,121,116,117,26,4
122,121,121,117,117,26,5
121,121,121,117,119,26,6
121,121,120,119,119,26,7
121,120,119,119,120,26,8
120,119,120,120,122,26,9
119,120,113,122,122,26,10
120,113,193,122,116,26,11
113,193,255,116,193,26,12
193,255,164,193,246,26,13
255,164,202,246,229,26,14
164,202,243,229,240,26,15
202,243,238,240,242,26,16
243,238,167,242,236,26,17
238,167,183,236,195,26,18
167,183,203,195,163,26,19
183,203,128,163,200,26,20
203,128,113,200,142,26,21
128,113,230,142,166,26,22
113,230,173,166,225,26,23
230,173,112,225,180,26,24
173,112,239,180,124,26,25
112,239,176,124,235,26,26
239,176,132,235,197,26,27
176,132,89,197,156,26,28
132,89,75,156,116,26,29
89,75,139,116,50,26,30
75,139,146,50,50,26,31
139,146,121,50,141,26,32
146,121,129,141,123,26,33
121,129,129,123,128,26,34
129,129,129,128,131,26,35
129,129,129,131,131,26,36
129,129,129,131,132,26,37
129,129,130,132,133,26,38
129,130,130,133,132,26,39
130,130,129,132,133,26,40
130,129,129,133,132,26,41
129,129,129,132,133,26,42
129,129,129,133,132,26,43
129,129,127,132,132,26,44
129,127,127,132,131,26,45
127,127,127,131,130,26,46
127,127,127,130,129,26,47
127,127,126,129,130,26,48
127,126,126,130,128,26,49
126,126,125,128,128,26,50
126,125,125,128,128,26,51
125,125,124,128,127,26,52
125,124,123,127,127,26,53
124,123,123,127,126,26,54
123,123,122,126,125,26,55
123,122,123,125,126,26,56
122,123,122,126,124,26,57
123,122,124,124,125,26,58
122,124,127,125,127,26,59
124,127,127,127,128,26,60
127,127,127,128,129,26,61
127,127,125,129,129,26,62
110,112,114,113,114,27,1
112,114,116,114,116,27,2
114,116,117,116,118,27,3
116,117,117,118,120,27,4
117,117,119,120,120,27,5
117,119,119,120,122,27,6
119,119,120,122,123,27,7
119,120,122,123,123,27,8
120,122,122,123,124,27,9
122,122,116,124,124,27,10
122,116,193,124,118,27,11
116,193,246,118,200,27,12
193,246,229,200,244,27,13
246,229,240,244,243,27,14
229,240,242,243,248,27,15
240,242,236,248,180,27,16
242,236,195,180,136,27,17
236,195,163,136,184,27,18
195,163,200,184,146,27,19
163,200,142,146,169,27,20
200,142,166,169,185,27,21
142,166,225,185,152,27,22
166,225,180,152,198,27,23
225,180,124,198,191,27,24
180,124,235,191,197,27,25
124,235,197,197,221,27,26
235,197,156,221,119,27,27
197,156,116,119,248,27,28
156,116,50,248,162,27,29
116,50,50,162,168,27,30
50,50,141,168,84,27,31
50,141,123,84,61,27,32
141,123,128,61,141,27,33
123,128,131,141,129,27,34
128,131,131,129,133,27,35
131,131,132,133,134,27,36
131,132,133,134,135,27,37
132,133,132,135,134,27,38
133,132,133,134,135,27,39
132,133,132,135,134,27,40
133,132,133,134,134,27,41
132,133,132,134,136,27,42
133,132,132,136,135,27,43
132,132,131,135,133,27,44
132,131,130,133,133,27,45
131,130,129,133,132,27,46
130,129,130,132,132,27,47
129,130,128,132,132,27,48
130,128,128,132,132,27,49
128,128,128,132,132,27,50
128,128,127,132,131,27,51
128,127,127,131,130,27,52
127,127,126,130,129,27,53
127,126,125,129,128,27,54
126,125,126,128,128,27,55
125,126,124,128,127,27,56
126,124,125,127,127,27,57
124,125,127,127,129,27,58
125,127,128,129,130,27,59
127,128,129,130,131,27,60
128,129,129,131,131,27,61
129,129,126,131,130,27,62
113,114,116,114,116,28,1
114,116,118,116,119,28,2
116,118,120,119,120,28,3
118,120,120,120,122,28,4
120,120,122,122,123,28,5
120,122,123,123,124,28,6
122,123,123,124,125,28,7
123,123,124,125,126,28,8
123,124,124,126,126,28,9
124,124,118,126,127,28,10
124,118,200,127,120,28,11
118,200,244,120,209,28,12
200,244,243,209,244,28,13
244,243,248,244,232,28,14
243,248,180,232,248,28,15
248,180,136,248,212,28,16
180,136,184,212,187,28,17
136,184,146,187,184,28,18
184,146,169,184,135,28,19
146,169,185,135,194,28,20
169,185,152,194,193,28,21
185,152,198,193,191,28,22
152,198,191,191,96,28,23
198,191,197,96,230,28,24
191,197,221,230,238,28,25
197,221,119,238,195,28,26
221,119,248,195,64,28,27
119,248,162,64,224,28,28
248,162,168,224,181,28,29
162,168,84,181,146,28,30
168,84,61,146,95,28,31
84,61,141,95,92,28,32
61,141,129,92,160,28,33
141,129,133,160,161,28,34
129,133,134,161,123,28,35
133,134,135,123,137,28,36
134,135,134,137,139,28,37
135,134,135,139,138,28,38
134,135,134,138,138,28,39
135,134,134,138,138,28,40
134,134,136,138,139,28,41
134,136,135,139,138,28,42
136,135,133,138,137,28,43
135,133,133,137,137,28,44
133,133,132,137,135,28,45
133,132,132,135,135,28,46
132,132,132,135,135,28,47
132,132,132,135,135,28,48
132,132,132,135,135,28,49
132,132,131,135,134,28,50
132,131,130,134,134,28,51
131,130,129,134,133,28,52
130,129,128,133,132,28,53
129,128,128,132,131,28,54
128,128,127,131,130,28,55
128,127,127,130,131,28,56
127,127,129,131,131,28,57
127,129,130,131,132,28,58
129,130,131,132,134,28,59
130,131,131,134,133,28,60
131,131,130,133,135,28,61
131,130,128,135,133,28,62
114,116,119,118,118,29,1
116,119,120,118,121,29,2
119,120,122,121,124,29,3
120,122,123,124,125,29,4
122,123,124,125,126,29,5
123,124,125,126,127,29,6
124,125,126,127,127,29,7
125,126,126,127,127,29,8
126,126,127,127,129,29,9
126,127,120,129,129,29,10
127,120,209,129,122,29,11
120,209,244,122,205,29,12
209,244,232,205,253,29,13
244,232,248,253,153,29,14
232,248,212,153,170,29,15
248,212,187,170,183,29,16
212,187,184,183,193,29,17
187,184,135,193,173,29,18
184,135,194,173,197,29,19
135,194,193,197,190,29,20
194,193,191,190,196,29,21
193,191,96,196,184,29,22
191,96,230,184,148,29,23
96,230,238,148,125,29,24
230,238,195,125,197,29,25
238,195,64,197,184,29,26
195,64,224,184,47,29,27
64,224,181,47,216,29,28
224,181,146,216,224,29,29
181,146,95,224,204,29,30
146,95,92,204,145,29,31
95,92,160,145,159,29,32
92,160,161,159,151,29,33
160,161,123,151,110,29,34
161,123,137,110,164,29,35
123,137,139,164,138,29,36
137,139,138,138,140,29,37
139,138,138,140,140,29,38
138,138,138,140,141,29,39
138,138,139,141,140,29,40
138,139,138,140,140,29,41
139,138,137,140,140,29,42
138,137,137,140,139,29,43
137,137,135,139,138,29,44
137,135,135,138,139,29,45
135,135,135,139,138,29,46
135,135,135,138,139,29,47
135,135,135,139,137,29,48
135,135,134,137,137,29,49
135,134,134,137,136,29,50
134,134,133,136,135,29,51
134,133,132,135,136,29,52
133,132,131,136,134,29,53
132,131,130,134,133,29,54
131,130,131,133,134,29,55
130,131,131,134,135,29,56
131,131,132,135,135,29,57
131,132,134,135,137,29,58
132,134,133,137,137,29,59
134,133,135,137,136,29,60
133,135,133,136,138,29,61
135,133,132,138,137,29,62
118,118,121,119,122,30,1
118,121,124,122,123,30,2
121,124,125,123,126,30,3
124,125,126,126,127,30,4
125,126,127,127,128,30,5
126,127,127,128,129,30,6
127,127,127,129,130,30,7
127,127,129,130,131,30,8
127,129,129,131,130,30,9
129,129,122,130,131,30,10
129,122,205,131,125,30,11
122,205,253,125,201,30,12
205,253,153,201,254,30,13
253,153,170,254,168,30,14
153,170,183,168,167,30,15
170,183,193,167,190,30,16
183,193,173,190,192,30,17
193,173,197,192,186,30,18
173,197,190,186,197,30,19
197,190,196,197,188,30,20
190,196,184,188,194,30,21
196,184,148,194,215,30,22
184,148,125,215,223,30,23
148,125,197,223,124,30,24
125,197,184,124,76,30,25
197,184,47,76,105,30,26
184,47,216,105,85,30,27
47,216,224,85,121,30,28
216,224,204,121,218,30,29
224,204,145,218,216,30,30
204,145,159,216,178,30,31
145,159,151,178,202,30,32
159,151,110,202,152,30,33
151,110,164,152,81,30,34
110,164,138,81,111,30,35
164,138,140,111,153,30,36
138,140,140,153,128,30,37
140,140,141,128,144,30,38
140,141,140,144,144,30,39
141,140,140,144,144,30,40
140,140,140,144,145,30,41
140,140,139,145,143,30,42
140,139,138,143,143,30,43
139,138,139,143,142,30,44
138,139,138,142,140,30,45
139,138,139,140,140,30,46
138,139,137,140,140,30,47
139,137,137,140,140,30,48
137,137,136,140,141,30,49
137,136,135,141,140,30,50
136,135,136,140,139,30,51
135,136,134,139,138,30,52
136,134,133,138,137,30,53
134,133,134,137,137,30,54
133,134,135,137,137,30,55
134,135,135,137,139,30,56
135,135,137,139,139,30,57
135,137,137,139,139,30,58
137,137,136,139,139,30,59
137,136,138,139,139,30,60
136,138,137,139,139,30,61
138,137,134,139,139,30,62
119,122,123,122,125,31,1
122,123,126,125,126,31,2
123,126,127,126,128,31,3
126,127,128,128,129,31,4
127,128,129,129,130,31,5
128,129,130,130,132,31,6
129,130,131,132,132,31,7
130,131,130,132,134,31,8
131,130,131,134,135,31,9
130,131,125,135,136,31,10
131,125,201,136,128,31,11
125,201,254,128,204,31,12
201,254,168,204,261,31,13
254,168,167,261,187,31,14
168,167,190,187,183,31,15
167,190,192,183,186,31,16
190,192,186,186,173,31,17
192,186,197,173,190,31,18
186,197,188,190,189,31,19
197,188,194,189,182,31,20
188,194,215,182,190,31,21
194,215,223,190,203,31,22
215,223,124,203,216,31,23
223,124,76,216,126,31,24
124,76,105,126,77,31,25
76,105,85,77,137,31,26
105,85,121,137,132,31,27
85,121,218,132,77,31,28
121,218,216,77,144,31,29
218,216,178,144,203,31,30
216,178,202,203,201,31,31
178,202,152,201,189,31,32
202,152,81,189,56,31,33
152,81,111,56,73,31,34
81,111,153,73,178,31,35
111,153,128,178,157,31,36
153,128,144,157,122,31,37
128,144,144,122,149,31,38
144,144,144,149,145,31,39
144,144,145,145,145,31,40
144,145,143,145,144,31,41
145,143,143,144,145,31,42
143,143,142,145,144,31,43
143,142,140,144,144,31,44
142,140,140,144,144,31,45
140,140,140,144,143,31,46
140,140,140,143,143,31,47
140,140,141,143,143,31,48
140,141,140,143,142,31,49
141,140,139,142,142,31,50
140,139,138,142,141,31,51
139,138,137,141,141,31,52
138,137,137,141,141,31,53
137,137,137,141,141,31,54
137,137,139,141,141,31,55
137,139,139,141,141,31,56
139,139,139,141,141,31,57
139,139,139,141,141,31,58
139,139,139,141,141,31,59
139,139,139,141,141,31,60
139,139,139,141,141,31,61
139,139,137,141,140,31,62
122,125,126,126,129,32,1
125,126,128,129,131,32,2
126,128,129,131,132,32,3
128,129,130,132,134,32,4
129,130,132,134,135,32,5
130,132,132,135,137,32,6
132,132,134,137,139,32,7
132,134,135,139,141,32,8
134,135,136,141,140,32,9
135,136,128,140,141,32,10
136,128,204,141,134,32,11
128,204,261,134,218,32,12
204,261,187,218,173,32,13
261,187,183,173,149,32,14
187,183,186,149,185,32,15
183,186,173,185,176,32,16
186,173,190,176,186,32,17
173,190,189,186,187,32,18
190,189,182,187,132,32,19
189,182,190,132,176,32,20
182,190,203,176,195,32,21
190,203,216,195,197,32,22
203,216,126,197,195,32,23
216,126,77,195,169,32,24
126,77,137,169,146,32,25
77,137,132,146,159,32,26
137,132,77,159,147,32,27
132,77,144,147,128,32,28
77,144,203,128,205,32,29
144,203,201,205,213,32,30
203,201,189,213,230,32,31
201,189,56,230,170,32,32
189,56,73,170,48,32,33
56,73,178,48,41,32,34
73,178,157,41,68,32,35
178,157,122,68,132,32,36
157,122,149,132,138,32,37
122,149,145,138,129,32,38
149,145,145,129,149,32,39
145,145,144,149,148,32,40
145,144,145,148,148,32,41
144,145,144,148,148,32,42
145,144,144,148,147,32,43
144,144,144,147,147,32,44
144,144,143,147,146,32,45
144,143,143,146,147,32,46
143,143,143,147,145,32,47
143,143,142,145,145,32,48
143,142,142,145,145,32,49
142,142,141,145,145,32,50
142,141,141,145,145,32,51
141,141,141,145,144,32,52
141,141,141,144,144,32,53
141,141,141,144,143,32,54
141,141,141,143,143,32,55
141,141,141,143,143,32,56
141,141,141,143,143,32,57
141,141,141,143,143,32,58
141,141,141,143,143,32,59
141,141,141,143,143,32,60
141,141,140,143,143,32,61
141,140,139,143,143,32,62
126,129,131,127,130,33,1
129,131,132,130,132,33,2
131,132,134,132,135,33,3
132,134,135,135,135,33,4
134,135,137,135,137,33,5
135,137,139,137,138,33,6
137,139,141,138,139,33,7
139,141,140,139,140,33,8
141,140,141,140,141,33,9
140,141,134,141,142,33,10
141,134,218,142,135,33,11
134,218,173,135,224,33,12
218,173,149,224,204,33,13
173,149,185,204,178,33,14
149,185,176,178,191,33,15
185,176,186,191,195,33,16
176,186,187,195,193,33,17
186,187,132,193,128,33,18
187,132,176,128,161,33,19
132,176,195,161,137,33,20
176,195,197,137,201,33,21
195,197,195,201,184,33,22
197,195,169,184,208,33,23
195,169,146,208,182,33,24
169,146,159,182,183,33,25
146,159,147,183,154,33,26
159,147,128,154,158,33,27
147,128,205,158,131,33,28
128,205,213,131,207,33,29
205,213,230,207,227,33,30
213,230,170,227,231,33,31
230,170,48,231,172,33,32
170,48,41,172,71,33,33
48,41,68,71,73,33,34
41,68,132,73,47,33,35
68,132,138,47,41,33,36
132,138,129,41,61,33,37
138,129,149,61,95,33,38
129,149,148,95,157,33,39
149,148,148,157,150,33,40
148,148,148,150,150,33,41
148,148,147,150,152,33,42
148,147,147,152,150,33,43
147,147,146,150,150,33,44
147,146,147,150,151,33,45
146,147,145,151,149,33,46
147,145,145,149,150,33,47
145,145,145,150,149,33,48
145,145,145,149,149,33,49
145,145,145,149,148,33,50
145,145,144,148,148,33,51
145,144,144,148,148,33,52
144,144,143,148,146,33,53
144,143,143,146,146,33,54
143,143,143,146,145,33,55
143,143,143,145,145,33,56
143,143,143,145,145,33,57
143,143,143,145,144,33,58
143,143,143,144,144,33,59
143,143,143,144,146,33,60
143,143,143,146,145,33,61
143,143,141,145,144,33,62
127,130,132,131,137,34,1
130,132,135,137,138,34,2
132,135,135,138,138,34,3
135,135,137,138,138,34,4
135,137,138,138,139,34,5
137,138,139,139,141,34,6
138,139,140,141,145,34,7
139,140,141,145,138,34,8
140,141,142,138,141,34,9
141,142,135,141,139,34,10
142,135,224,139,129,34,11
135,224,204,129,200,34,12
224,204,178,200,186,34,13
204,178,191,186,187,34,14
178,191,195,187,188,34,15
191,195,193,188,194,34,16
195,193,128,194,194,34,17
193,128,161,194,148,34,18
128,161,137,148,162,34,19
161,137,201,162,152,34,20
137,201,184,152,194,34,21
201,184,208,194,192,34,22
184,208,182,192,198,34,23
208,182,183,198,189,34,24
182,183,154,189,174,34,25
183,154,158,174,155,34,26
154,158,131,155,160,34,27
158,131,207,160,128,34,28
131,207,227,128,143,34,29
207,227,231,143,216,34,30
227,231,172,216,218,34,31
231,172,71,218,173,34,32
172,71,73,173,64,34,33
71,73,47,64,82,34,34
73,47,41,82,78,34,35
47,41,61,78,83,34,36
41,61,95,83,59,34,37
61,95,157,59,99,34,38
95,157,150,99,159,34,39
157,150,150,159,154,34,40
150,150,152,154,153,34,41
150,152,150,153,154,34,42
152,150,150,154,153,34,43
150,150,151,153,153,34,44
150,151,149,153,152,34,45
151,149,150,152,152,34,46
149,150,149,152,152,34,47
150,149,149,152,151,34,48
149,149,148,151,151,34,49
149,148,148,151,150,34,50
148,148,148,150,150,34,51
148,148,146,150,150,34,52
148,146,146,150,149,34,53
146,146,145,149,149,34,54
146,145,145,149,147,34,55
145,145,145,147,147,34,56
145,145,144,147,147,34,57
145,144,144,147,147,34,58
144,144,146,147,147,34,59
144,146,145,147,147,34,60
146,145,144,147,147,34,61
145,144,142,147,145,34,62
131,137,138,125,107,35,1
137,138,138,107,107,35,2
138,138,138,107,114,35,3
138,138,139,114,140,35,4
138,139,141,140,145,35,5
139,141,145,145,130,35,6
141,145,138,130,114,35,7
145,138,141,114,95,35,8
138,141,139,95,75,35,9
141,139,129,75,85,35,10
139,129,200,85,104,35,11
129,200,186,104,152,35,12
200,186,187,152,167,35,13
186,187,188,167,179,35,14
187,188,194,179,192,35,15
188,194,194,192,190,35,16
194,194,148,190,195,35,17
194,148,162,195,148,35,18
148,162,152,148,150,35,19
162,152,194,150,148,35,20
152,194,192,148,194,35,21
194,192,198,194,179,35,22
192,198,189,179,188,35,23
198,189,174,188,188,35,24
189,174,155,188,191,35,25
174,155,160,191,207,35,26
155,160,128,207,197,35,27
160,128,143,197,172,35,28
128,143,216,172,35,35,29
143,216,218,35,100,35,30
216,218,173,100,123,35,31
218,173,64,123,107,35,32
173,64,82,107,78,35,33
64,82,78,78,74,35,34
82,78,83,74,77,35,35
78,83,59,77,81,35,36
83,59,99,81,81,35,37
59,99,159,81,128,35,38
99,159,154,128,159,35,39
159,154,153,159,156,35,40
154,153,154,156,156,35,41
153,154,153,156,156,35,42
154,153,153,156,157,35,43
153,153,152,157,157,35,44
153,152,152,157,157,35,45
152,152,152,157,156,35,46
152,152,151,156,156,35,47
152,151,151,156,155,35,48
151,151,150,155,154,35,49
151,150,150,154,154,35,50
150,150,150,154,153,35,51
150,150,149,153,152,35,52
150,149,149,152,152,35,53
149,149,147,152,151,35,54
149,147,147,151,151,35,55
147,147,147,151,150,35,56
147,147,147,150,149,35,57
147,147,147,149,149,35,58
147,147,147,149,148,35,59
147,147,147,148,148,35,60
147,147,145,148,148,35,61
147,145,144,148,148,35,62
125,107,107,75,64,36,1
107,107,114,64,79,36,2
107,114,140,79,76,36,3
114,140,145,76,87,36,4
140,145,130,87,118,36,5
145,130,114,118,105,36,6
130,114,95,105,80,36,7
114,95,75,80,63,36,8
95,75,85,63,57,36,9
75,85,104,57,70,36,10
85,104,152,70,107,36,11
104,152,167,107,208,36,12
152,167,179,208,185,36,13
167,179,192,185,185,36,14
179,192,190,185,185,36,15
192,190,195,185,190,36,16
190,195,148,190,191,36,17
195,148,150,191,151,36,18
148,150,148,151,157,36,19
150,148,194,157,162,36,20
148,194,179,162,188,36,21
194,179,188,188,182,36,22
179,188,188,182,196,36,23
188,188,191,196,203,36,24
188,191,207,203,172,36,25
191,207,197,172,169,36,26
207,197,172,169,168,36,27
197,172,35,168,118,36,28
172,35,100,118,43,36,29
35,100,123,43,86,36,30
100,123,107,86,96,36,31
123,107,78,96,49,36,32
107,78,74,49,85,36,33
78,74,77,85,76,36,34
74,77,81,76,82,36,35
77,81,81,82,83,36,36
81,81,128,83,79,36,37
81,128,159,79,128,36,38
128,159,156,128,160,36,39
159,156,156,160,157,36,40
156,156,156,157,157,36,41
156,156,157,157,158,36,42
156,157,157,158,157,36,43
157,157,157,157,157,36,44
157,157,156,157,158,36,45
157,156,156,158,157,36,46
156,156,155,157,156,36,47
156,155,154,156,156,36,48
155,154,154,156,155,36,49
154,154,153,155,155,36,50
154,153,152,155,154,36,51
153,152,152,154,155,36,52
152,152,151,155,152,36,53
152,151,151,152,153,36,54
151,151,150,153,151,36,55
151,150,149,151,150,36,56
150,149,149,150,151,36,57
149,149,148,151,150,36,58
149,148,148,150,150,36,59
148,148,148,150,150,36,60
148,148,148,150,150,36,61
148,148,146,150,149,36,62
75,64,79,55,64,37,1
64,79,76,64,65,37,2
79,76,87,65,68,37,3
76,87,118,68,62,37,4
87,118,105,62,71,37,5
118,105,80,71,72,37,6
105,80,63,72,66,37,7
80,63,57,66,66,37,8
63,57,70,66,47,37,9
57,70,107,47,71,37,10
70,107,208,71,77,37,11
107,208,185,77,188,37,12
208,185,185,188,196,37,13
185,185,185,196,182,37,14
185,185,190,182,182,37,15
185,190,191,182,191,37,16
190,191,151,191,185,37,17
191,151,157,185,197,37,18
151,157,162,197,202,37,19
157,162,188,202,190,37,20
162,188,182,190,191,37,21
188,182,196,191,192,37,22
182,196,203,192,189,37,23
196,203,172,189,181,37,24
203,172,169,181,181,37,25
172,169,168,181,141,37,26
169,168,118,141,118,37,27
168,118,43,118,41,37,28
118,43,86,41,20,37,29
43,86,96,20,17,37,30
86,96,49,17,40,37,31
96,49,85,40,67,37,32
49,85,76,67,78,37,33
85,76,82,78,73,37,34
76,82,83,73,88,37,35
82,83,79,88,88,37,36
83,79,128,88,83,37,37
79,128,160,83,129,37,38
128,160,157,129,165,37,39
160,157,157,165,158,37,40
157,157,158,158,159,37,41
157,158,157,159,159,37,42
158,157,157,159,160,37,43
157,157,158,160,159,37,44
157,158,157,159,159,37,45
158,157,156,159,157,37,46
157,156,156,157,158,37,47
156,156,155,158,158,37,48
156,155,155,158,156,37,49
155,155,154,156,155,37,50
155,154,155,155,155,37,51
154,155,152,155,155,37,52
155,152,153,155,156,37,53
152,153,151,156,155,37,54
153,151,150,155,153,37,55
151,150,151,153,155,37,56
150,151,150,155,153,37,57
151,150,150,153,152,37,58
150,150,150,152,152,37,59
150,150,150,152,152,37,60
150,150,149,152,152,37,61
150,149,148,152,151,37,62
55,64,65,48,53,38,1
64,65,68,53,60,38,2
65,68,62,60,55,38,3
68,62,71,55,60,38,4
62,71,72,60,71,38,5
71,72,66,71,66,38,6
72,66,66,66,69,38,7
66,66,47,69,66,38,8
66,47,71,66,54,38,9
47,71,77,54,45,38,10
71,77,188,45,52,38,11
77,188,196,52,170,38,12
188,196,182,170,194,38,13
196,182,182,194,200,38,14
182,182,191,200,192,38,15
182,191,185,192,191,38,16
191,185,197,191,197,38,17
185,197,202,197,187,38,18
197,202,190,187,190,38,19
202,190,191,190,190,38,20
190,191,192,190,180,38,21
191,192,189,180,205,38,22
192,189,181,205,180,38,23
189,181,181,180,162,38,24
181,181,141,162,189,38,25
181,141,118,189,145,38,26
141,118,41,145,78,38,27
118,41,20,78,59,38,28
41,20,17,59,58,38,29
20,17,40,58,58,38,30
17,40,67,58,46,38,31
40,67,78,46,16,38,32
67,78,73,16,17,38,33
78,73,88,17,69,38,34
73,88,88,69,90,38,35
88,88,83,90,93,38,36
88,83,129,93,89,38,37
83,129,165,89,129,38,38
129,165,158,129,156,38,39
165,158,159,156,157,38,40
158,159,159,157,155,38,41
159,159,160,155,157,38,42
159,160,159,157,162,38,43
160,159,159,162,160,38,44
159,159,157,160,156,38,45
159,157,158,156,159,38,46
157,158,158,159,158,38,47
158,158,156,158,153,38,48
158,156,155,153,158,38,49
156,155,155,158,158,38,50
155,155,155,158,154,38,51
155,155,156,154,157,38,52
155,156,155,157,157,38,53
156,155,153,157,156,38,54
155,153,155,156,167,38,55
153,155,153,167,169,38,56
155,153,152,169,160,38,57
153,152,152,160,162,38,58
152,152,152,162,161,38,59
152,152,152,161,161,38,60
152,152,151,161,159,38,61
152,151,149,159,157,38,62
48,53,60,33,53,39,1
53,60,55,53,56,39,2
60,55,60,56,57,39,3
55,60,71,57,62,39,4
60,71,66,62,74,39,5
71,66,69,74,72,39,6
66,69,66,72,51,39,7
69,66,54,51,40,39,8
66,54,45,40,22,39,9
54,45,52,22,65,39,10
45,52,170,65,74,39,11
52,170,194,74,147,39,12
170,194,200,147,204,39,13
194,200,192,204,141,39,14
200,192,191,141,128,39,15
192,191,197,128,182,39,16
191,197,187,182,179,39,17
197,187,190,179,157,39,18
187,190,190,157,130,39,19
190,190,180,130,150,39,20
190,180,205,150,199,39,21
180,205,180,199,191,39,22
205,180,162,191,120,39,23
180,162,189,120,120,39,24
162,189,145,120,183,39,25
189,145,78,183,176,39,26
145,78,59,176,90,39,27
78,59,58,90,63,39,28
59,58,58,63,73,39,29
58,58,46,73,75,39,30
58,46,16,75,72,39,31
46,16,17,72,55,39,32
16,17,69,55,64,39,33
17,69,90,64,71,39,34
69,90,93,71,90,39,35
90,93,89,90,93,39,36
93,89,129,93,97,39,37
89,129,156,97,124,39,38
129,156,157,124,150,39,39
156,157,155,150,148,39,40
157,155,157,148,148,39,41
155,157,162,148,148,39,42
157,162,160,148,149,39,43
162,160,156,149,149,39,44
160,156,159,149,149,39,45
156,159,158,149,149,39,46
159,158,153,149,149,39,47
158,153,158,149,148,39,48
153,158,158,148,148,39,49
158,158,154,148,147,39,50
158,154,157,147,146,39,51
154,157,157,146,147,39,52
157,157,156,147,147,39,53
157,156,167,147,146,39,54
156,167,169,146,148,39,55
167,169,160,148,146,39,56
169,160,162,146,144,39,57
160,162,161,144,146,39,58
162,161,161,146,146,39,59
161,161,159,146,147,39,60
161,159,157,147,148,39,61
159,157,155,148,146,39,62
33,53,56,47,53,40,1
53,56,57,53,43,40,2
56,57,62,43,45,40,3
57,62,74,45,51,40,4
62,74,72,51,66,40,5
74,72,51,66,68,40,6
72,51,40,68,73,40,7
51,40,22,73,72,40,8
40,22,65,72,87,40,9
22,65,74,87,97,40,10
65,74,147,97,74,40,11
74,147,204,74,169,40,12
147,204,141,169,198,40,13
204,141,128,198,116,40,14
141,128,182,116,107,40,15
128,182,179,107,168,40,16
182,179,157,168,185,40,17
179,157,130,185,149,40,18
157,130,150,149,109,40,19
130,150,199,109,117,40,20
150,199,191,117,187,40,21
199,191,120,187,178,40,22
191,120,120,178,86,40,23
120,120,183,86,80,40,24
120,183,176,80,184,40,25
183,176,90,184,186,40,26
176,90,63,186,98,40,27
90,63,73,98,63,40,28
63,73,75,63,72,40,29
73,75,72,72,72,40,30
75,72,55,72,67,40,31
72,55,64,67,58,40,32
55,64,71,58,40,40,33
64,71,90,40,85,40,34
71,90,93,85,81,40,35
90,93,97,81,90,40,36
93,97,124,90,89,40,37
97,124,150,89,124,40,38
124,150,148,124,148,40,39
150,148,148,148,145,40,40
148,148,148,145,146,40,41
148,148,149,146,146,40,42
148,149,149,146,146,40,43
149,149,149,146,146,40,44
149,149,149,146,146,40,45
149,149,149,146,146,40,46
149,149,148,146,148,40,47
149,148,148,148,146,40,48
148,148,147,146,147,40,49
148,147,146,147,146,40,50
147,146,147,146,143,40,51
146,147,147,143,143,40,52
147,147,146,143,144,40,53
147,146,148,144,143,40,54
146,148,146,143,142,40,55
148,146,144,142,141,40,56
146,144,146,141,139,40,57
144,146,146,139,139,40,58
146,146,147,139,140,40,59
146,147,148,140,139,40,60
147,148,146,139,141,40,61
148,146,143,141,139,40,62
47,53,43,80,72,41,1
53,43,45,72,39,41,2
43,45,51,39,48,41,3
45,51,66,48,65,41,4
51,66,68,65,68,41,5
66,68,73,68,43,41,6
68,73,72,43,69,41,7
73,72,87,69,92,41,8
72,87,97,92,89,41,9
87,97,74,89,87,41,10
97,74,169,87,72,41,11
74,169,198,72,153,41,12
169,198,116,153,194,41,13
198,116,107,194,115,41,14
116,107,168,115,104,41,15
107,168,185,104,171,41,16
168,185,149,171,202,41,17
185,149,109,202,147,41,18
149,109,117,147,104,41,19
109,117,187,104,116,41,20
117,187,178,116,197,41,21
187,178,86,197,182,41,22
178,86,80,182,77,41,23
86,80,184,77,74,41,24
80,184,186,74,193,41,25
184,186,98,193,180,41,26
186,98,63,180,102,41,27
98,63,72,102,64,41,28
63,72,72,64,74,41,29
72,72,67,74,72,41,30
72,67,58,72,74,41,31
67,58,40,74,62,41,32
58,40,85,62,39,41,33
40,85,81,39,86,41,34
85,81,90,86,81,41,35
81,90,89,81,94,41,36
90,89,124,94,86,41,37
89,124,148,86,133,41,38
124,148,145,133,164,41,39
148,145,146,164,160,41,40
145,146,146,160,161,41,41
146,146,146,161,161,41,42
146,146,146,161,161,41,43
146,146,146,161,161,41,44
146,146,146,161,162,41,45
146,146,148,162,162,41,46
146,148,146,162,160,41,47
148,146,147,160,159,41,48
146,147,146,159,159,41,49
147,146,143,159,158,41,50
146,143,143,158,158,41,51
143,143,144,158,157,41,52
143,144,143,157,155,41,53
144,143,142,155,155,41,54
143,142,141,155,156,41,55
142,141,139,156,156,41,56
141,139,139,156,154,41,57
139,139,140,154,153,41,58
139,140,139,153,153,41,59
140,139,141,153,153,41,60
139,141,139,153,150,41,61
141,139,138,150,148,41,62
80,72,39,45,33,42,1
72,39,48,33,44,42,2
39,48,65,44,28,42,3
48,65,68,28,71,42,4
65,68,43,71,56,42,5
68,43,69,56,52,42,6
43,69,92,52,67,42,7
69,92,89,67,85,42,8
92,89,87,85,83,42,9
89,87,72,83,74,42,10
87,72,153,74,60,42,11
72,153,194,60,151,42,12
153,194,115,151,171,42,13
194,115,104,171,113,42,14
115,104,171,113,116,42,15
104,171,202,116,156,42,16
171,202,147,156,146,42,17
202,147,104,146,138,42,18
147,104,116,138,144,42,19
104,116,197,144,148,42,20
116,197,182,148,164,42,21
197,182,77,164,185,42,22
182,77,74,185,135,42,23
77,74,193,135,135,42,24
74,193,180,135,191,42,25
193,180,102,191,194,42,26
180,102,64,194,121,42,27
102,64,74,121,65,42,28
64,74,72,65,74,42,29
74,72,74,74,77,42,30
72,74,62,77,74,42,31
74,62,39,74,63,42,32
62,39,86,63,43,42,33
39,86,81,43,82,42,34
86,81,94,82,84,42,35
81,94,86,84,95,42,36
94,86,133,95,85,42,37
86,133,164,85,133,42,38
133,164,160,133,167,42,39
164,160,161,167,164,42,40
160,161,161,164,161,42,41
161,161,161,161,161,42,42
161,161,161,161,161,42,43
161,161,162,161,161,42,44
161,162,162,161,161,42,45
162,162,160,161,160,42,46
162,160,159,160,158,42,47
160,159,159,158,159,42,48
159,159,158,159,159,42,49
159,158,158,159,160,42,50
158,158,157,160,158,42,51
158,157,155,158,157,42,52
157,155,155,157,157,42,53
155,155,156,157,156,42,54
155,156,156,156,156,42,55
156,156,154,156,156,42,56
156,154,153,156,155,42,57
154,153,153,155,154,42,58
153,153,153,154,152,42,59
153,153,150,152,154,42,60
153,150,148,154,152,42,61
150,148,146,152,150,42,62
45,33,44,9,23,43,1
33,44,28,23,18,43,2
44,28,71,18,38,43,3
28,71,56,38,59,43,4
71,56,52,59,69,43,5
56,52,67,69,75,43,6
52,67,85,75,81,43,7
67,85,83,81,94,43,8
85,83,74,94,75,43,9
83,74,60,75,69,43,10
74,60,151,69,90,43,11
60,151,171,90,170,43,12
151,171,113,170,149,43,13
171,113,116,149,153,43,14
113,116,156,153,156,43,15
116,156,146,156,140,43,16
156,146,138,140,115,43,17
146,138,144,115,57,43,18
138,144,148,57,201,43,19
144,148,164,201,192,43,20
148,164,185,192,180,43,21
164,185,135,180,194,43,22
185,135,135,194,170,43,23
135,135,191,170,182,43,24
135,191,194,182,190,43,25
191,194,121,190,185,43,26
194,121,65,185,112,43,27
121,65,74,112,82,43,28
65,74,77,82,83,43,29
74,77,74,83,85,43,30
77,74,63,85,76,43,31
74,63,43,76,61,43,32
63,43,82,61,59,43,33
43,82,84,59,60,43,34
82,84,95,60,83,43,35
84,95,85,83,98,43,36
95,85,133,98,87,43,37
85,133,167,87,130,43,38
133,167,164,130,158,43,39
167,164,161,158,154,43,40
164,161,161,154,154,43,41
161,161,161,154,153,43,42
161,161,161,153,153,43,43
161,161,161,153,152,43,44
161,161,160,152,154,43,45
161,160,158,154,152,43,46
160,158,159,152,152,43,47
158,159,159,152,152,43,48
159,159,160,152,152,43,49
159,160,158,152,152,43,50
160,158,157,152,150,43,51
158,157,157,150,150,43,52
157,157,156,150,148,43,53
157,156,156,148,148,43,54
156,156,156,148,149,43,55
156,156,155,149,150,43,56
156,155,154,150,150,43,57
155,154,152,150,149,43,58
154,152,154,149,148,43,59
152,154,152,148,147,43,60
154,152,150,147,148,43,61
152,150,149,148,147,43,62
9,23,18,20,28,44,1
23,18,38,28,57,44,2
18,38,59,57,41,44,3
38,59,69,41,96,44,4
59,69,75,96,44,44,5
69,75,81,44,66,44,6
75,81,94,66,96,44,7
81,94,75,96,75,44,8
94,75,69,75,71,44,9
75,69,90,71,65,44,10
69,90,170,65,90,44,11
90,170,149,90,192,44,12
170,149,153,192,145,44,13
149,153,156,145,117,44,14
153,156,140,117,122,44,15
156,140,115,122,134,44,16
140,115,57,134,89,44,17
115,57,201,89,49,44,18
57,201,192,49,178,44,19
201,192,180,178,199,44,20
192,180,194,199,165,44,21
180,194,170,165,182,44,22
194,170,182,182,191,44,23
170,182,190,191,173,44,24
182,190,185,173,208,44,25
190,185,112,208,201,44,26
185,112,82,201,111,44,27
112,82,83,111,79,44,28
82,83,85,79,85,44,29
83,85,76,85,82,44,30
85,76,61,82,72,44,31
76,61,59,72,57,44,32
61,59,60,57,92,44,33
59,60,83,92,90,44,34
60,83,98,90,94,44,35
83,98,87,94,96,44,36
98,87,130,96,98,44,37
87,130,158,98,123,44,38
130,158,154,123,149,44,39
158,154,154,149,144,44,40
154,154,153,144,144,44,41
154,153,153,144,145,44,42
153,153,152,145,145,44,43
153,152,154,145,146,44,44
152,154,152,146,145,44,45
154,152,152,145,146,44,46
152,152,152,146,147,44,47
152,152,152,147,146,44,48
152,152,152,146,146,44,49
152,152,150,146,144,44,50
152,150,150,144,144,44,51
150,150,148,144,143,44,52
150,148,148,143,143,44,53
148,148,149,143,143,44,54
148,149,150,143,140,44,55
149,150,150,140,125,44,56
150,150,149,125,115,44,57
150,149,148,115,108,44,58
149,148,147,108,126,44,59
148,147,148,126,117,44,60
147,148,147,117,121,44,61
148,147,143,121,117,44,62
20,28,57,27,15,45,1
28,57,41,15,53,45,2
57,41,96,53,40,45,3
41,96,44,40,30,45,4
96,44,66,30,26,45,5
44,66,96,26,36,45,6
66,96,75,36,60,45,7
96,75,71,60,94,45,8
75,71,65,94,94,45,9
71,65,90,94,88,45,10
65,90,192,88,80,45,11
90,192,145,80,199,45,12
192,145,117,199,184,45,13
145,117,122,184,143,45,14
117,122,134,143,153,45,15
122,134,89,153,174,45,16
134,89,49,174,123,45,17
89,49,178,123,62,45,18
49,178,199,62,178,45,19
178,199,165,178,172,45,20
199,165,182,172,137,45,21
165,182,191,137,165,45,22
182,191,173,165,160,45,23
191,173,208,160,195,45,24
173,208,201,195,207,45,25
208,201,111,207,209,45,26
201,111,79,209,128,45,27
111,79,85,128,81,45,28
79,85,82,81,89,45,29
85,82,72,89,79,45,30
82,72,57,79,85,45,31
72,57,92,85,55,45,32
57,92,90,55,44,45,33
92,90,94,44,66,45,34
90,94,96,66,73,45,35
94,96,98,73,77,45,36
96,98,123,77,90,45,37
98,123,149,90,114,45,38
123,149,144,114,127,45,39
149,144,144,127,123,45,40
144,144,145,123,123,45,41
144,145,145,123,122,45,42
145,145,146,122,123,45,43
145,146,145,123,124,45,44
146,145,146,124,132,45,45
145,146,147,132,134,45,46
146,147,146,134,137,45,47
147,146,146,137,137,45,48
146,146,144,137,140,45,49
146,144,144,140,140,45,50
144,144,143,140,139,45,51
144,143,143,139,133,45,52
143,143,143,133,132,45,53
143,143,140,132,121,45,54
143,140,125,121,112,45,55
140,125,115,112,109,45,56
125,115,108,109,114,45,57
115,108,126,114,113,45,58
108,126,117,113,112,45,59
126,117,121,112,113,45,60
117,121,117,113,112,45,61
121,117,116,112,114,45,62
27,15,53,31,32,46,1
15,53,40,32,74,46,2
53,40,30,74,53,46,3
40,30,26,53,31,46,4
30,26,36,31,27,46,5
26,36,60,27,41,46,6
36,60,94,41,43,46,7
60,94,94,43,95,46,8
94,94,88,95,133,46,9
94,88,80,133,90,46,10
88,80,199,90,101,46,11
80,199,184,101,197,46,12
199,184,143,197,164,46,13
184,143,153,164,152,46,14
143,153,174,152,155,46,15
153,174,123,155,163,46,16
174,123,62,163,125,46,17
123,62,178,125,79,46,18
62,178,172,79,182,46,19
178,172,137,182,112,46,20
172,137,165,112,104,46,21
137,165,160,104,136,46,22
165,160,195,136,172,46,23
160,195,207,172,196,46,24
195,207,209,196,189,46,25
207,209,128,189,207,46,26
209,128,81,207,108,46,27
128,81,89,108,89,46,28
81,89,79,89,69,46,29
89,79,85,69,58,46,30
79,85,55,58,80,46,31
85,55,44,80,48,46,32
55,44,66,48,39,46,33
44,66,73,39,72,46,34
66,73,77,72,72,46,35
73,77,90,72,87,46,36
77,90,114,87,87,46,37
90,114,127,87,99,46,38
114,127,123,99,101,46,39
127,123,123,101,104,46,40
123,123,122,104,106,46,41
123,122,123,106,102,46,42
122,123,124,102,103,46,43
123,124,132,103,103,46,44
124,132,134,103,111,46,45
132,134,137,111,115,46,46
134,137,137,115,113,46,47
137,137,140,113,116,46,48
137,140,140,116,118,46,49
140,140,139,118,120,46,50
140,139,133,120,124,46,51
139,133,132,124,115,46,52
133,132,121,115,113,46,53
132,121,112,113,115,46,54
121,112,109,115,116,46,55
112,109,114,116,114,46,56
109,114,113,114,111,46,57
114,113,112,111,114,46,58
113,112,113,114,118,46,59
112,113,112,118,116,46,60
113,112,114,116,118,46,61
112,114,118,118,114,46,62
31,32,74,14,28,47,1
32,74,53,28,72,47,2
74,53,31,72,74,47,3
53,31,27,74,32,47,4
31,27,41,32,39,47,5
27,41,43,39,57,47,6
41,43,95,57,46,47,7
43,95,133,46,81,47,8
95,133,90,81,133,47,9
133,90,101,133,79,47,10
90,101,197,79,78,47,11
101,197,164,78,191,47,12
197,164,152,191,174,47,13
164,152,155,174,173,47,14
152,155,163,173,156,47,15
155,163,125,156,160,47,16
163,125,79,160,117,47,17
125,79,182,117,74,47,18
79,182,112,74,171,47,19
182,112,104,171,91,47,20
112,104,136,91,91,47,21
104,136,172,91,98,47,22
136,172,196,98,134,47,23
172,196,189,134,181,47,24
196,189,207,181,178,47,25
189,207,108,178,189,47,26
207,108,89,189,133,47,27
108,89,69,133,68,47,28
89,69,58,68,62,47,29
69,58,80,62,65,47,30
58,80,48,65,67,47,31
80,48,39,67,42,47,32
48,39,72,42,49,47,33
39,72,72,49,64,47,34
72,72,87,64,60,47,35
72,87,87,60,82,47,36
87,87,99,82,76,47,37
87,99,101,76,102,47,38
99,101,104,102,100,47,39
101,104,106,100,100,47,40
104,106,102,100,107,47,41
106,102,103,107,110,47,42
102,103,103,110,111,47,43
103,103,111,111,112,47,44
103,111,115,112,117,47,45
111,115,113,117,120,47,46
115,113,116,120,122,47,47
113,116,118,122,119,47,48
116,118,120,119,118,47,49
118,120,124,118,121,47,50
120,124,115,121,120,47,51
124,115,113,120,116,47,52
115,113,115,116,117,47,53
113,115,116,117,116,47,54
115,116,114,116,112,47,55
116,114,111,112,113,47,56
114,111,114,113,118,47,57
111,114,118,118,113,47,58
114,118,116,113,109,47,59
118,116,118,109,117,47,60
116,118,114,117,113,47,61
118,114,113,113,114,47,62
14,28,72,18,33,48,1
28,72,74,33,45,48,2
72,74,32,45,74,48,3
74,32,39,74,31,48,4
32,39,57,31,41,48,5
39,57,46,41,45,48,6
57,46,81,45,73,48,7
46,81,133,73,61,48,8
81,133,79,61,72,48,9
133,79,78,72,62,48,10
79,78,191,62,34,48,11
78,191,174,34,54,48,12
191,174,173,54,61,48,13
174,173,156,61,81,48,14
173,156,160,81,144,48,15
156,160,117,144,106,48,16
160,117,74,106,104,48,17
117,74,171,104,70,48,18
74,171,91,70,159,48,19
171,91,91,159,156,48,20
91,91,98,156,160,48,21
91,98,134,160,161,48,22
98,134,181,161,175,48,23
134,181,178,175,187,48,24
181,178,189,187,199,48,25
178,189,133,199,195,48,26
189,133,68,195,129,48,27
133,68,62,129,69,48,28
68,62,65,69,60,48,29
62,65,67,60,68,48,30
65,67,42,68,62,48,31
67,42,49,62,59,48,32
42,49,64,59,55,48,33
49,64,60,55,71,48,34
64,60,82,71,69,48,35
60,82,76,69,81,48,36
82,76,102,81,71,48,37
76,102,100,71,95,48,38
102,100,100,95,87,48,39
100,100,107,87,99,48,40
100,107,110,99,102,48,41
107,110,111,102,103,48,42
110,111,112,103,106,48,43
111,112,117,106,115,48,44
112,117,120,115,119,48,45
117,120,122,119,120,48,46
120,122,119,120,117,48,47
122,119,118,117,116,48,48
119,118,121,116,115,48,49
118,121,120,115,116,48,50
121,120,116,116,116,48,51
120,116,117,116,117,48,52
116,117,116,117,117,48,53
117,116,112,117,114,48,54
116,112,113,114,112,48,55
112,113,118,112,109,48,56
113,118,113,109,110,48,57
118,113,109,110,113,48,58
113,109,117,113,117,48,59
109,117,113,117,118,48,60
117,113,114,118,116,48,61
113,114,109,116,109,48,62
18,33,45,2,39,49,1
33,45,74,39,28,49,2
45,74,31,28,53,49,3
74,31,41,53,34,49,4
31,41,45,34,59,49,5
41,45,73,59,61,49,6
45,73,61,61,70,49,7
73,61,72,70,75,49,8
61,72,62,75,68,49,9
72,62,34,68,67,49,10
62,34,54,67,41,49,11
34,54,61,41,43,49,12
54,61,81,43,47,49,13
61,81,144,47,29,49,14
81,144,106,29,45,49,15
144,106,104,45,124,49,16
106,104,70,124,94,49,17
104,70,159,94,66,49,18
70,159,156,66,161,49,19
159,156,160,161,151,49,20
156,160,161,151,164,49,21
160,161,175,164,177,49,22
161,175,187,177,177,49,23
175,187,199,177,184,49,24
187,199,195,184,168,49,25
199,195,129,168,194,49,26
195,129,69,194,116,49,27
129,69,60,116,67,49,28
69,60,68,67,59,49,29
60,68,62,59,70,49,30
68,62,59,70,71,49,31
62,59,55,71,71,49,32
59,55,71,71,60,49,33
55,71,69,60,61,49,34
71,69,81,61,67,49,35
69,81,71,67,81,49,36
81,71,95,81,65,49,37
71,95,87,65,90,49,38
95,87,99,90,93,49,39
87,99,102,93,89,49,40
99,102,103,89,97,49,41
102,103,106,97,95,49,42
103,106,115,95,99,49,43
106,115,119,99,110,49,44
115,119,120,110,116,49,45
119,120,117,116,116,49,46
120,117,116,116,114,49,47
117,116,115,114,115,49,48
116,115,116,115,116,49,49
115,116,116,116,119,49,50
116,116,117,119,117,49,51
116,117,117,117,118,49,52
117,117,114,118,115,49,53
117,114,112,115,113,49,54
114,112,109,113,107,49,55
112,109,110,107,105,49,56
109,110,113,105,111,49,57
110,113,117,111,112,49,58
113,117,118,112,122,49,59
117,118,116,122,122,49,60
118,116,109,122,115,49,61
116,109,106,115,113,49,62
2,39,28,4,21,50,1
39,28,53,21,31,50,2
28,53,34,31,37,50,3
53,34,59,37,26,50,4
34,59,61,26,63,50,5
59,61,70,63,49,50,6
61,70,75,49,63,50,7
70,75,68,63,68,50,8
75,68,67,68,38,50,9
68,67,41,38,79,50,10
67,41,43,79,44,50,11
41,43,47,44,56,50,12
43,47,29,56,50,50,13
47,29,45,50,45,50,14
29,45,124,45,44,50,15
45,124,94,44,135,50,16
124,94,66,135,99,50,17
94,66,161,99,67,50,18
66,161,151,67,159,50,19
161,151,164,159,150,50,20
151,164,177,150,147,50,21
164,177,177,147,153,50,22
177,177,184,153,171,50,23
177,184,168,171,209,50,24
184,168,194,209,187,50,25
168,194,116,187,185,50,26
194,116,67,185,105,50,27
116,67,59,105,74,50,28
67,59,70,74,71,50,29
59,70,71,71,67,50,30
70,71,71,67,67,50,31
71,71,60,67,111,50,32
71,60,61,111,94,50,33
60,61,67,94,101,50,34
61,67,81,101,57,50,35
67,81,65,57,78,50,36
81,65,90,78,91,50,37
65,90,93,91,83,50,38
90,93,89,83,93,50,39
93,89,97,93,87,50,40
89,97,95,87,98,50,41
97,95,99,98,98,50,42
95,99,110,98,102,50,43
99,110,116,102,102,50,44
110,116,116,102,115,50,45
116,116,114,115,113,50,46
116,114,115,113,113,50,47
114,115,116,113,112,50,48
115,116,119,112,116,50,49
116,119,117,116,114,50,50
119,117,118,114,118,50,51
117,118,115,118,113,50,52
118,115,113,113,113,50,53
115,113,107,113,110,50,54
113,107,105,110,109,50,55
107,105,111,109,111,50,56
105,111,112,111,113,50,57
111,112,122,113,119,50,58
112,122,122,119,122,50,59
122,122,115,122,119,50,60
122,115,113,119,117,50,61
115,113,107,117,114,50,62
4,21,31,-1,35,51,1
21,31,37,35,68,51,2
31,37,26,68,34,51,3
37,26,63,34,12,51,4
26,63,49,12,27,51,5
63,49,63,27,40,51,6
49,63,68,40,65,51,7
63,68,38,65,24,51,8
68,38,79,24,29,51,9
38,79,44,29,58,51,10
79,44,56,58,53,51,11
44,56,50,53,58,51,12
56,50,45,58,58,51,13
50,45,44,58,49,51,14
45,44,135,49,43,51,15
44,135,99,43,141,51,16
135,99,67,141,91,51,17
99,67,159,91,62,51,18
67,159,150,62,154,51,19
159,150,147,154,145,51,20
150,147,153,145,154,51,21
147,153,171,154,143,51,22
153,171,209,143,155,51,23
171,209,187,155,173,51,24
209,187,185,173,184,51,25
187,185,105,184,187,51,26
185,105,74,187,108,51,27
105,74,71,108,76,51,28
74,71,67,76,64,51,29
71,67,67,64,80,51,30
67,67,111,80,99,51,31
67,111,94,99,133,51,32
111,94,101,133,136,51,33
94,101,57,136,141,51,34
101,57,78,141,63,51,35
57,78,91,63,94,51,36
78,91,83,94,95,51,37
91,83,93,95,73,51,38
83,93,87,73,94,51,39
93,87,98,94,99,51,40
87,98,98,99,103,51,41
98,98,102,103,103,51,42
98,102,102,103,98,51,43
102,102,115,98,105,51,44
102,115,113,105,106,51,45
115,113,113,106,112,51,46
113,113,112,112,113,51,47
113,112,116,113,118,51,48
112,116,114,118,109,51,49
116,114,118,109,112,51,50
114,118,113,112,113,51,51
118,113,113,113,112,51,52
113,113,110,112,114,51,53
113,110,109,114,113,51,54
110,109,111,113,117,51,55
109,111,113,117,120,51,56
111,113,119,120,119,51,57
113,119,122,119,121,51,58
119,122,119,121,120,51,59
122,119,117,120,118,51,60
119,117,114,118,117,51,61
117,114,112,117,115,51,62
-1,35,68,8,12,52,1
35,68,34,12,56,52,2
68,34,12,56,31,52,3
34,12,27,31,24,52,4
12,27,40,24,31,52,5
27,40,65,31,13,52,6
40,65,24,13,34,52,7
65,24,29,34,26,52,8
24,29,58,26,38,52,9
29,58,53,38,10,52,10
58,53,58,10,43,52,11
53,58,58,43,65,52,12
58,58,49,65,52,52,13
58,49,43,52,45,52,14
49,43,141,45,42,52,15
43,141,91,42,145,52,16
141,91,62,145,107,52,17
91,62,154,107,68,52,18
62,154,145,68,145,52,19
154,145,154,145,148,52,20
145,154,143,148,147,52,21
154,143,155,147,149,52,22
143,155,173,149,160,52,23
155,173,184,160,169,52,24
173,184,187,169,181,52,25
184,187,108,181,194,52,26
187,108,76,194,109,52,27
108,76,64,109,76,52,28
76,64,80,76,65,52,29
64,80,99,65,49,52,30
80,99,133,49,66,52,31
99,133,136,66,83,52,32
133,136,141,83,120,52,33
136,141,63,120,100,52,34
141,63,94,100,59,52,35
63,94,95,59,107,52,36
94,95,73,107,91,52,37
95,73,94,91,84,52,38
73,94,99,84,75,52,39
94,99,103,75,90,52,40
99,103,103,90,96,52,41
103,103,98,96,96,52,42
103,98,105,96,101,52,43
98,105,106,101,101,52,44
105,106,112,101,100,52,45
106,112,113,100,104,52,46
112,113,118,104,110,52,47
113,118,109,110,110,52,48
118,109,112,110,110,52,49
109,112,113,110,111,52,50
112,113,112,111,110,52,51
113,112,114,110,111,52,52
112,114,113,111,114,52,53
114,113,117,114,116,52,54
113,117,120,116,119,52,55
117,120,119,119,119,52,56
120,119,121,119,121,52,57
119,121,120,121,120,52,58
121,120,118,120,117,52,59
120,118,117,117,118,52,60
118,117,115,118,117,52,61
117,115,108,117,114,52,62
8,12,56,8,17,53,1
12,56,31,17,69,53,2
56,31,24,69,36,53,3
31,24,31,36,28,53,4
24,31,13,28,30,53,5
31,13,34,30,19,53,6
13,34,26,19,56,53,7
34,26,38,56,52,53,8
26,38,10,52,65,53,9
38,10,43,65,37,53,10
10,43,65,37,48,53,11
43,65,52,48,58,53,12
65,52,45,58,46,53,13
52,45,42,46,53,53,14
45,42,145,53,37,53,15
42,145,107,37,154,53,16
145,107,68,154,128,53,17
107,68,145,128,47,53,18
68,145,148,47,151,53,19
145,148,147,151,156,53,20
148,147,149,156,154,53,21
147,149,160,154,152,53,22
149,160,169,152,159,53,23
160,169,181,159,161,53,24
169,181,194,161,181,53,25
181,194,109,181,211,53,26
194,109,76,211,128,53,27
109,76,65,128,68,53,28
76,65,49,68,84,53,29
65,49,66,84,95,53,30
49,66,83,95,65,53,31
66,83,120,65,76,53,32
83,120,100,76,76,53,33
120,100,59,76,98,53,34
100,59,107,98,108,53,35
59,107,91,108,86,53,36
107,91,84,86,95,53,37
91,84,75,95,81,53,38
84,75,90,81,87,53,39
75,90,96,87,79,53,40
90,96,96,79,97,53,41
96,96,101,97,100,53,42
96,101,101,100,97,53,43
101,101,100,97,98,53,44
101,100,104,98,103,53,45
100,104,110,103,103,53,46
104,110,110,103,108,53,47
110,110,110,108,110,53,48
110,110,111,110,108,53,49
110,111,110,108,113,53,50
111,110,111,113,109,53,51
110,111,114,109,112,53,52
111,114,116,112,115,53,53
114,116,119,115,117,53,54
116,119,119,117,118,53,55
119,119,121,118,119,53,56
119,121,120,119,119,53,57
121,120,117,119,119,53,58
120,117,118,119,115,53,59
117,118,117,115,119,53,60
118,117,114,119,117,53,61
117,114,110,117,114,53,62
8,17,69,8,12,54,1
17,69,36,12,56,54,2
69,36,28,56,41,54,3
36,28,30,41,30,54,4
28,30,19,30,31,54,5
30,19,56,31,28,54,6
19,56,52,28,43,54,7
56,52,65,43,62,54,8
52,65,37,62,55,54,9
65,37,48,55,45,54,10
37,48,58,45,40,54,11
48,58,46,40,52,54,12
58,46,53,52,27,54,13
46,53,37,27,32,54,14
53,37,154,32,56,54,15
37,154,128,56,160,54,16
154,128,47,160,124,54,17
128,47,151,124,39,54,18
47,151,156,39,157,54,19
151,156,154,157,155,54,20
156,154,152,155,141,54,21
154,152,159,141,150,54,22
152,159,161,150,149,54,23
159,161,181,149,152,54,24
161,181,211,152,146,54,25
181,211,128,146,137,54,26
211,128,68,137,120,54,27
128,68,84,120,107,54,28
68,84,95,107,119,54,29
84,95,65,119,103,54,30
95,65,76,103,46,54,31
65,76,76,46,78,54,32
76,76,98,78,85,54,33
76,98,108,85,84,54,34
98,108,86,84,95,54,35
108,86,95,95,97,54,36
86,95,81,97,97,54,37
95,81,87,97,88,54,38
81,87,79,88,91,54,39
87,79,97,91,91,54,40
79,97,100,91,90,54,41
97,100,97,90,94,54,42
100,97,98,94,101,54,43
97,98,103,101,102,54,44
98,103,103,102,101,54,45
103,103,108,101,106,54,46
103,108,110,106,106,54,47
108,110,108,106,104,54,48
110,108,113,104,110,54,49
108,113,109,110,106,54,50
113,109,112,106,111,54,51
109,112,115,111,111,54,52
112,115,117,111,110,54,53
115,117,118,110,112,54,54
117,118,119,112,116,54,55
118,119,119,116,117,54,56
119,119,119,117,118,54,57
119,119,115,118,119,54,58
119,115,119,119,120,54,59
115,119,117,120,118,54,60
119,117,114,118,119,54,61
117,114,110,119,116,54,62
8,12,56,10,8,55,1
12,56,41,8,37,55,2
56,41,30,37,31,55,3
41,30,31,31,31,55,4
30,31,28,31,60,55,5
31,28,43,60,31,55,6
28,43,62,31,23,55,7
43,62,55,23,32,55,8
62,55,45,32,39,55,9
55,45,40,39,32,55,10
45,40,52,32,44,55,11
40,52,27,44,35,55,12
52,27,32,35,27,55,13
27,32,56,27,35,55,14
32,56,160,35,41,55,15
56,160,124,41,98,55,16
160,124,39,98,113,55,17
124,39,157,113,57,55,18
39,157,155,57,116,55,19
157,155,141,116,121,55,20
155,141,150,121,119,55,21
141,150,149,119,121,55,22
150,149,152,121,113,55,23
149,152,146,113,82,55,24
152,146,137,82,85,55,25
146,137,120,85,127,55,26
137,120,107,127,103,55,27
120,107,119,103,109,55,28
107,119,103,109,69,55,29
119,103,46,69,80,55,30
103,46,78,80,65,55,31
46,78,85,65,84,55,32
78,85,84,84,87,55,33
85,84,95,87,83,55,34
84,95,97,83,91,55,35
95,97,97,91,88,55,36
97,97,88,88,87,55,37
97,88,91,87,100,55,38
88,91,91,100,81,55,39
91,91,90,81,94,55,40
91,90,94,94,97,55,41
90,94,101,97,89,55,42
94,101,102,89,92,55,43
101,102,101,92,96,55,44
102,101,106,96,99,55,45
101,106,106,99,103,55,46
106,106,104,103,107,55,47
106,104,110,107,106,55,48
104,110,106,106,104,55,49
110,106,111,104,110,55,50
106,111,111,110,107,55,51
111,111,110,107,108,55,52
111,110,112,108,112,55,53
110,112,116,112,112,55,54
112,116,117,112,115,55,55
116,117,118,115,114,55,56
117,118,119,114,117,55,57
118,119,120,117,117,55,58
119,120,118,117,118,55,59
120,118,119,118,119,55,60
118,119,116,119,117,55,61
119,116,111,117,118,55,62
10,8,37,11,16,56,1
8,37,31,16,24,56,2
37,31,31,24,42,56,3
31,31,60,42,37,56,4
31,60,31,37,61,56,5
60,31,23,61,118,56,6
31,23,32,118,47,56,7
23,32,39,47,59,56,8
32,39,32,59,70,56,9
39,32,44,70,66,56,10
32,44,35,66,54,56,11
44,35,27,54,40,56,12
35,27,35,40,29,56,13
27,35,41,29,31,56,14
35,41,98,31,50,56,15
41,98,113,50,35,56,16
98,113,57,35,66,56,17
113,57,116,66,72,56,18
57,116,121,72,60,56,19
116,121,119,60,81,56,20
121,119,121,81,84,56,21
119,121,113,84,85,56,22
121,113,82,85,113,56,23
113,82,85,113,90,56,24
82,85,127,90,132,56,25
85,127,103,132,168,56,26
127,103,109,168,127,56,27
103,109,69,127,133,56,28
109,69,80,133,96,56,29
69,80,65,96,66,56,30
80,65,84,66,33,56,31
65,84,87,33,99,56,32
84,87,83,99,89,56,33
87,83,91,89,97,56,34
83,91,88,97,83,56,35
91,88,87,83,97,56,36
88,87,100,97,72,56,37
87,100,81,72,100,56,38
100,81,94,100,90,56,39
81,94,97,90,76,56,40
94,97,89,76,76,56,41
97,89,92,76,70,56,42
89,92,96,70,92,56,43
92,96,99,92,97,56,44
96,99,103,97,97,56,45
99,103,107,97,98,56,46
103,107,106,98,99,56,47
107,106,104,99,101,56,48
106,104,110,101,102,56,49
104,110,107,102,106,56,50
110,107,108,106,103,56,51
107,108,112,103,103,56,52
108,112,112,103,110,56,53
112,112,115,110,111,56,54
112,115,114,111,112,56,55
115,114,117,112,116,56,56
114,117,117,116,116,56,57
117,117,118,116,116,56,58
117,118,119,116,117,56,59
118,119,117,117,116,56,60
119,117,118,116,116,56,61
117,118,113,116,114,56,62
11,16,24,8,18,57,1
16,24,42,18,52,57,2
24,42,37,52,65,57,3
42,37,61,65,41,57,4
37,61,118,41,43,57,5
61,118,47,43,56,57,6
118,47,59,56,77,57,7
47,59,70,77,73,57,8
59,70,66,73,55,57,9
70,66,54,55,48,57,10
66,54,40,48,49,57,11
54,40,29,49,55,57,12
40,29,31,55,29,57,13
29,31,50,29,11,57,14
31,50,35,11,18,57,15
50,35,66,18,31,57,16
35,66,72,31,17,57,17
66,72,60,17,11,57,18
72,60,81,11,14,57,19
60,81,84,14,27,57,20
81,84,85,27,47,57,21
84,85,113,47,75,57,22
85,113,90,75,68,57,23
113,90,132,68,83,57,24
90,132,168,83,117,57,25
132,168,127,117,139,57,26
168,127,133,139,140,57,27
127,133,96,140,123,57,28
133,96,66,123,117,57,29
96,66,33,117,57,57,30
66,33,99,57,72,57,31
33,99,89,72,81,57,32
99,89,97,81,89,57,33
89,97,83,89,89,57,34
97,83,97,89,88,57,35
83,97,72,88,101,57,36
97,72,100,101,68,57,37
72,100,90,68,109,57,38
100,90,76,109,95,57,39
90,76,76,95,74,57,40
76,76,70,74,55,57,41
76,70,92,55,53,57,42
70,92,97,53,59,57,43
92,97,97,59,91,57,44
97,97,98,91,97,57,45
97,98,99,97,97,57,46
98,99,101,97,89,57,47
99,101,102,89,97,57,48
101,102,106,97,98,57,49
102,106,103,98,94,57,50
106,103,103,94,103,57,51
103,103,110,103,107,57,52
103,110,111,107,106,57,53
110,111,112,106,109,57,54
111,112,116,109,110,57,55
112,116,116,110,112,57,56
116,116,116,112,115,57,57
116,116,117,115,116,57,58
116,117,116,116,112,57,59
117,116,116,112,113,57,60
116,116,114,113,109,57,61
116,114,114,109,110,57,62
8,18,52,-10,84,58,1
18,52,65,84,36,58,2
52,65,41,36,44,58,3
65,41,43,44,42,58,4
41,43,56,42,46,58,5
43,56,77,46,39,58,6
56,77,73,39,56,58,7
77,73,55,56,69,58,8
73,55,48,69,61,58,9
55,48,49,61,58,58,10
48,49,55,58,46,58,11
49,55,29,46,52,58,12
55,29,11,52,33,58,13
29,11,18,33,20,58,14
11,18,31,20,16,58,15
18,31,17,16,19,58,16
31,17,11,19,21,58,17
17,11,14,21,13,58,18
11,14,27,13,15,58,19
14,27,47,15,22,58,20
27,47,75,22,24,58,21
47,75,68,24,26,58,22
75,68,83,26,62,58,23
68,83,117,62,76,58,24
83,117,139,76,133,58,25
117,139,140,133,133,58,26
139,140,123,133,146,58,27
140,123,117,146,136,58,28
123,117,57,136,115,58,29
117,57,72,115,68,58,30
57,72,81,68,72,58,31
72,81,89,72,79,58,32
81,89,89,79,78,58,33
89,89,88,78,78,58,34
89,88,101,78,119,58,35
88,101,68,119,48,58,36
101,68,109,48,51,58,37
68,109,95,51,80,58,38
109,95,74,80,75,58,39
95,74,55,75,54,58,40
74,55,53,54,61,58,41
55,53,59,61,51,58,42
53,59,91,51,45,58,43
59,91,97,45,77,58,44
91,97,97,77,94,58,45
97,97,89,94,89,58,46
97,89,97,89,84,58,47
89,97,98,84,96,58,48
97,98,94,96,96,58,49
98,94,103,96,89,58,50
94,103,107,89,105,58,51
103,107,106,105,107,58,52
107,106,109,107,103,58,53
106,109,110,103,104,58,54
109,110,112,104,110,58,55
110,112,115,110,109,58,56
112,115,116,109,112,58,57
115,116,112,112,112,58,58
116,112,113,112,112,58,59
112,113,109,112,113,58,60
113,109,110,113,112,58,61
109,110,107,112,111,58,62
-10,84,36,-1,49,59,1
84,36,44,49,61,59,2
36,44,42,61,27,59,3
44,42,46,27,66,59,4
42,46,39,66,53,59,5
46,39,56,53,51,59,6
39,56,69,51,57,59,7
56,69,61,57,61,59,8
69,61,58,61,57,59,9
61,58,46,57,56,59,10
58,46,52,56,23,59,11
46,52,33,23,41,59,12
52,33,20,41,34,59,13
33,20,16,34,18,59,14
20,16,19,18,10,59,15
16,19,21,10,12,59,16
19,21,13,12,14,59,17
21,13,15,14,22,59,18
13,15,22,22,13,59,19
15,22,24,13,14,59,20
22,24,26,14,17,59,21
24,26,62,17,19,59,22
26,62,76,19,74,59,23
62,76,133,74,119,59,24
76,133,133,119,95,59,25
133,133,146,95,130,59,26
133,146,136,130,137,59,27
146,136,115,137,143,59,28
136,115,68,143,146,59,29
115,68,72,146,96,59,30
68,72,79,96,59,59,31
72,79,78,59,72,59,32
79,78,78,72,53,59,33
78,78,119,53,113,59,34
78,119,48,113,131,59,35
119,48,51,131,56,59,36
48,51,80,56,60,59,37
51,80,75,60,81,59,38
80,75,54,81,65,59,39
75,54,61,65,43,59,40
54,61,51,43,56,59,41
61,51,45,56,53,59,42
51,45,77,53,51,59,43
45,77,94,51,82,59,44
77,94,89,82,79,59,45
94,89,84,79,85,59,46
89,84,96,85,83,59,47
84,96,96,83,88,59,48
96,96,89,88,89,59,49
96,89,105,89,86,59,50
89,105,107,86,104,59,51
105,107,103,104,104,59,52
107,103,104,104,104,59,53
103,104,110,104,106,59,54
104,110,109,106,106,59,55
110,109,112,106,104,59,56
109,112,112,104,107,59,57
112,112,112,107,109,59,58
112,112,113,109,106,59,59
112,113,112,106,108,59,60
113,112,111,108,109,59,61
112,111,110,109,109,59,62
-1,49,61,29,25,60,1
49,61,27,25,31,60,2
61,27,66,31,10,60,3
27,66,53,10,32,60,4
66,53,51,32,76,60,5
53,51,57,76,44,60,6
51,57,61,44,66,60,7
57,61,57,66,59,60,8
61,57,56,59,43,60,9
57,56,23,43,51,60,10
56,23,41,51,34,60,11
23,41,34,34,36,60,12
41,34,18,36,30,60,13
34,18,10,30,21,60,14
18,10,12,21,23,60,15
10,12,14,23,13,60,16
12,14,22,13,10,60,17
14,22,13,10,22,60,18
22,13,14,22,17,60,19
13,14,17,17,12,60,20
14,17,19,12,14,60,21
17,19,74,14,13,60,22
19,74,119,13,51,60,23
74,119,95,51,95,60,24
119,95,130,95,92,60,25
95,130,137,92,82,60,26
130,137,143,82,105,60,27
137,143,146,105,136,60,28
143,146,96,136,120,60,29
146,96,59,120,133,60,30
96,59,72,133,107,60,31
59,72,53,107,77,60,32
72,53,113,77,69,60,33
53,113,131,69,92,60,34
113,131,56,92,88,60,35
131,56,60,88,74,60,36
56,60,81,74,30,60,37
60,81,65,30,66,60,38
81,65,43,66,62,60,39
65,43,56,62,47,60,40
43,56,53,47,45,60,41
56,53,51,45,54,60,42
53,51,82,54,77,60,43
51,82,79,77,58,60,44
82,79,85,58,68,60,45
79,85,83,68,69,60,46
85,83,88,69,78,60,47
83,88,89,78,85,60,48
88,89,86,85,82,60,49
89,86,104,82,85,60,50
86,104,104,85,83,60,51
104,104,104,83,105,60,52
104,104,106,105,97,60,53
104,106,106,97,99,60,54
106,106,104,99,102,60,55
106,104,107,102,100,60,56
104,107,109,100,103,60,57
107,109,106,103,109,60,58
109,106,108,109,108,60,59
106,108,109,108,107,60,60
108,109,109,107,103,60,61
109,109,113,103,103,60,62
29,25,31,74,58,61,1
25,31,10,58,25,61,2
31,10,32,25,21,61,3
10,32,76,21,16,61,4
32,76,44,16,63,61,5
76,44,66,63,39,61,6
44,66,59,39,33,61,7
66,59,43,33,36,61,8
59,43,51,36,53,61,9
43,51,34,53,41,61,10
51,34,36,41,35,61,11
34,36,30,35,29,61,12
36,30,21,29,31,61,13
30,21,23,31,29,61,14
21,23,13,29,22,61,15
23,13,10,22,12,61,16
13,10,22,12,27,61,17
10,22,17,27,28,61,18
22,17,12,28,14,61,19
17,12,14,14,10,61,20
12,14,13,10,10,61,21
14,13,51,10,20,61,22
13,51,95,20,61,61,23
51,95,92,61,74,61,24
95,92,82,74,121,61,25
92,82,105,121,118,61,26
82,105,136,118,91,61,27
105,136,120,91,118,61,28
136,120,133,118,112,61,29
120,133,107,112,110,61,30
133,107,77,110,118,61,31
107,77,69,118,93,61,32
77,69,92,93,72,61,33
69,92,88,72,108,61,34
92,88,74,108,97,61,35
88,74,30,97,87,61,36
74,30,66,87,23,61,37
30,66,62,23,65,61,38
66,62,47,65,67,61,39
62,47,45,67,48,61,40
47,45,54,48,43,61,41
45,54,77,43,57,61,42
54,77,58,57,83,61,43
77,58,68,83,83,61,44
58,68,69,83,72,61,45
68,69,78,72,70,61,46
69,78,85,70,84,61,47
78,85,82,84,91,61,48
85,82,85,91,87,61,49
82,85,83,87,85,61,50
85,83,105,85,81,61,51
83,105,97,81,91,61,52
105,97,99,91,95,61,53
97,99,102,95,93,61,54
99,102,100,93,100,61,55
102,100,103,100,98,61,56
100,103,109,98,100,61,57
103,109,108,100,104,61,58
109,108,107,104,106,61,59
108,107,103,106,106,61,60
107,103,103,106,105,61,61
103,103,108,105,108,61,62
74,58,25,105,64,62,1
58,25,21,64,71,62,2
25,21,16,71,31,62,3
21,16,63,31,21,62,4
16,63,39,21,27,62,5
63,39,33,27,43,62,6
39,33,36,43,44,62,7
33,36,53,44,47,62,8
36,53,41,47,31,62,9
53,41,35,31,38,62,10
41,35,29,38,29,62,11
35,29,31,29,28,62,12
29,31,29,28,17,62,13
31,29,22,17,20,62,14
29,22,12,20,27,62,15
22,12,27,27,15,62,16
12,27,28,15,18,62,17
27,28,14,18,33,62,18
28,14,10,33,11,62,19
14,10,10,11,13,62,20
10,10,20,13,39,62,21
10,20,61,39,14,62,22
20,61,74,14,68,62,23
61,74,121,68,104,62,24
74,121,118,104,119,62,25
121,118,91,119,102,62,26
118,91,118,102,88,62,27
91,118,112,88,127,62,28
118,112,110,127,128,62,29
112,110,118,128,106,62,30
110,118,93,106,61,62,31
118,93,72,61,88,62,32
93,72,108,88,90,62,33
72,108,97,90,93,62,34
108,97,87,93,97,62,35
97,87,23,97,62,62,36
87,23,65,62,53,62,37
23,65,67,53,90,62,38
65,67,48,90,61,62,39
67,48,43,61,37,62,40
48,43,57,37,45,62,41
43,57,83,45,62,62,42
57,83,83,62,77,62,43
83,83,72,77,78,62,44
83,72,70,78,78,62,45
72,70,84,78,80,62,46
70,84,91,80,82,62,47
84,91,87,82,86,62,48
91,87,85,86,67,62,49
87,85,81,67,76,62,50
85,81,91,76,86,62,51
81,91,95,86,83,62,52
91,95,93,83,93,62,53
95,93,100,93,93,62,54
93,100,98,93,93,62,55
100,98,100,93,92,62,56
98,100,104,92,92,62,57
100,104,106,92,98,62,58
104,106,106,98,98,62,59
106,106,105,98,102,62,60
106,105,108,102,104,62,61
105,108,104,104,107,62,62